22	635	1
22	721	1
22	926	2
22	1649	1
22	2252	1
22	2636	1
22	3062	1
22	3121	1
22	3678	1
22	3883	1
76	589	1
76	863	1
76	1089	1
76	1229	1
76	1403	1
76	1412	1
76	1414	1
76	1702	1
76	1891	2
76	1943	1
76	2298	2
76	2592	1
76	2765	1
76	3311	1
76	3387	1
76	3390	2
76	3462	2
76	3472	3
76	3632	1
76	3686	1
76	3701	1
76	3704	1
83	628	1
83	637	3
83	1501	1
83	1519	1
83	1539	1
83	2636	2
83	3412	2
83	3690	1
83	3692	2
83	3762	1
83	3916	1
83	4030	1
94	289	2
94	312	1
94	374	1
94	579	1
94	628	1
94	637	1
94	685	1
94	788	2
94	926	3
94	991	1
94	1659	2
94	1665	2
94	1818	1
94	2079	1
94	2257	1
94	2292	1
94	2444	1
94	2796	2
94	3011	1
94	3423	1
94	3531	1
94	3678	2
94	3686	2
94	3701	1
94	3992	1
94	4071	1
97	589	1
97	944	1
97	1089	1
97	1120	1
97	1357	3
97	1374	1
97	1379	1
97	1413	1
97	1414	2
97	1478	1
97	1649	1
97	1702	1
97	1719	2
97	1891	2
97	1901	1
97	2246	2
97	2284	1
97	2309	1
97	2608	1
97	2817	1
97	2898	1
97	2947	1
97	2962	1
97	2999	1
97	3264	1
97	3372	3
97	3531	1
97	3686	3
97	3704	1
143	217	2
143	219	1
143	587	1
143	589	2
143	628	1
143	1089	3
143	1120	3
143	1175	2
143	1220	1
143	1324	1
143	1357	2
143	1374	2
143	1409	1
143	1412	1
143	1414	4
143	1478	2
143	1497	1
143	1593	1
143	1606	1
143	1649	1
143	1665	1
143	1702	2
143	1719	5
143	1891	1
143	1901	2
143	1904	1
143	2246	1
143	2284	1
143	2309	1
143	2925	1
143	2962	1
143	3188	1
143	3372	1
143	3390	1
143	3574	1
143	3578	1
143	3684	1
143	3686	1
143	3701	1
143	3704	3
143	3851	4
143	3965	2
143	4040	1
143	4049	1
155	217	1
155	219	1
155	964	4
155	1026	1
155	1089	2
155	1137	1
155	1357	1
155	1478	3
155	1719	1
155	1901	2
155	2570	1
155	2660	1
155	2769	3
155	2844	2
155	2854	1
155	2859	4
155	2925	2
155	3318	1
155	3325	2
155	3343	1
155	3531	1
155	3578	2
155	3678	1
155	3686	1
155	3701	1
155	3704	1
155	3762	1
155	3851	1
155	4049	3
155	4140	1
198	335	2
198	374	1
198	433	1
198	489	1
198	589	3
198	716	1
198	863	1
198	1026	1
198	1089	2
198	1120	5
198	1137	1
198	1163	1
198	1203	1
198	1230	1
198	1239	1
198	1324	1
198	1357	4
198	1374	1
198	1376	1
198	1403	1
198	1414	4
198	1478	8
198	1539	1
198	1593	1
198	1649	2
198	1659	2
198	1702	2
198	1719	3
198	1727	2
198	1901	2
198	1909	1
198	1943	1
198	2298	1
198	2323	1
198	2326	1
198	2570	2
198	2592	1
198	2636	2
198	2658	1
198	2898	1
198	2925	1
198	2999	1
198	3011	1
198	3121	1
198	3343	1
198	3372	2
198	3377	1
198	3423	2
198	3446	1
198	3462	2
198	3472	1
198	3531	1
198	3578	3
198	3678	3
198	3686	6
198	3701	1
198	3992	1
198	4030	1
198	4043	2
198	4049	1
201	203	1
201	217	3
201	224	1
201	335	2
201	347	1
201	415	1
201	489	1
201	548	1
201	585	1
201	623	1
201	1026	1
201	1089	1
201	1175	1
201	1203	1
201	1220	1
201	1357	4
201	1384	1
201	1397	1
201	1414	3
201	1478	3
201	1510	2
201	1694	2
201	1702	2
201	1719	1
201	1727	1
201	1761	1
201	1792	2
201	1878	1
201	1888	1
201	1895	1
201	1904	1
201	1930	1
201	1943	2
201	2090	1
201	2284	1
201	2298	1
201	2309	1
201	2411	1
201	2424	1
201	2852	1
201	2859	1
201	2898	1
201	3012	1
201	3046	1
201	3090	1
201	3343	1
201	3372	2
201	3390	2
201	3528	2
201	3531	1
201	3578	1
201	3678	2
201	3686	4
201	3704	2
201	3812	1
201	3851	1
201	3910	1
201	3966	1
201	3992	2
201	4043	1
201	4049	2
203	347	1
203	589	1
203	716	1
203	1089	1
203	1216	1
203	1220	1
203	1357	2
203	1414	3
203	1464	1
203	1719	1
203	1742	1
203	1760	1
203	1761	1
203	1888	3
203	2570	1
203	3387	1
203	3530	1
203	3686	3
203	3704	1
203	3790	1
203	3812	1
203	3966	1
203	4049	2
217	224	1
217	312	1
217	335	5
217	347	2
217	377	1
217	415	1
217	489	3
217	548	1
217	579	1
217	585	4
217	587	2
217	589	4
217	601	3
217	623	1
217	644	2
217	721	1
217	900	1
217	926	1
217	944	2
217	964	2
217	1026	2
217	1039	2
217	1065	5
217	1089	10
217	1120	11
217	1166	2
217	1175	6
217	1220	2
217	1229	1
217	1230	2
217	1309	1
217	1314	1
217	1357	21
217	1374	1
217	1379	1
217	1384	2
217	1397	3
217	1399	4
217	1400	1
217	1402	2
217	1403	2
217	1409	2
217	1412	4
217	1413	4
217	1414	13
217	1464	3
217	1478	16
217	1497	3
217	1501	2
217	1517	1
217	1576	1
217	1606	2
217	1649	1
217	1659	4
217	1665	4
217	1694	4
217	1702	8
217	1719	17
217	1727	1
217	1742	1
217	1760	4
217	1761	4
217	1818	1
217	1878	4
217	1888	1
217	1891	3
217	1901	3
217	1904	2
217	1943	1
217	2246	1
217	2252	1
217	2284	11
217	2309	6
217	2409	1
217	2411	1
217	2416	1
217	2424	1
217	2528	2
217	2570	4
217	2608	1
217	2671	2
217	2769	1
217	2796	2
217	2844	1
217	2898	1
217	2925	4
217	2951	2
217	2954	1
217	2999	2
217	3012	1
217	3022	2
217	3062	1
217	3188	3
217	3264	2
217	3318	1
217	3343	1
217	3372	6
217	3390	6
217	3394	3
217	3414	1
217	3499	1
217	3528	2
217	3531	6
217	3578	6
217	3632	1
217	3649	1
217	3678	4
217	3686	9
217	3701	4
217	3704	19
217	3790	2
217	3794	2
217	3835	1
217	3851	7
217	3910	1
217	3965	1
217	3966	1
217	3992	7
217	4020	1
217	4040	1
217	4043	3
217	4049	8
217	4071	2
217	4073	1
217	4140	1
219	335	1
219	374	1
219	589	2
219	714	1
219	1089	1
219	1220	1
219	1267	2
219	1314	1
219	1357	3
219	1379	1
219	1399	1
219	1407	2
219	1413	1
219	1414	2
219	1478	2
219	1606	1
219	1659	2
219	1727	1
219	1792	3
219	1878	1
219	2295	1
219	2302	1
219	2351	1
219	2844	1
219	2859	3
219	2925	3
219	3062	1
219	3188	1
219	3311	1
219	3318	1
219	3343	1
219	3372	1
219	3528	1
219	3578	1
219	3591	1
219	3686	1
219	3701	1
219	3704	2
219	3851	1
219	3910	1
219	4001	1
219	4049	2
224	589	1
224	721	1
224	944	1
224	1175	2
224	1229	1
224	1357	4
224	1376	1
224	1384	1
224	1399	1
224	1409	1
224	1478	1
224	1517	1
224	1649	2
224	1665	1
224	1702	1
224	1719	1
224	1742	1
224	1760	1
224	1761	1
224	1787	1
224	1878	1
224	1888	1
224	2090	1
224	2409	1
224	2424	1
224	3046	1
224	3325	1
224	3372	1
224	3531	1
224	3678	1
224	3686	2
224	3701	1
224	3704	1
224	3794	3
224	4043	1
224	4049	1
224	4071	1
224	4073	1
224	4123	1
289	319	1
289	374	3
289	377	1
289	449	1
289	529	1
289	628	2
289	637	1
289	685	2
289	687	2
289	714	1
289	926	4
289	1320	1
289	1649	1
289	1659	1
289	1665	2
289	1711	1
289	1845	1
289	1909	1
289	2070	1
289	2254	1
289	2257	2
289	2273	1
289	2292	1
289	2296	2
289	2444	1
289	2745	2
289	2765	1
289	3011	1
289	3121	1
289	3311	2
289	3367	1
289	3423	1
289	3472	1
289	3528	2
289	3531	1
289	3578	1
289	3632	1
289	3678	1
289	3684	1
289	3686	2
289	3701	1
289	3790	1
289	3822	2
289	3992	4
289	4049	1
289	4123	1
293	579	2
293	628	1
293	687	2
293	1055	1
293	1175	1
293	1320	2
293	1397	1
293	1403	1
293	1649	1
293	1659	1
293	1665	3
293	1818	1
293	2079	1
293	2252	1
293	2636	1
293	3238	1
293	3309	2
293	3578	2
293	3686	2
293	3701	1
293	3992	1
312	335	1
312	587	1
312	589	1
312	788	2
312	901	2
312	926	1
312	991	1
312	1089	2
312	1120	1
312	1397	2
312	1402	1
312	1414	1
312	1478	3
312	1659	1
312	1665	1
312	1708	1
312	1719	1
312	1818	3
312	1901	1
312	2234	1
312	2257	1
312	2309	1
312	2411	1
312	2796	1
312	3387	1
312	3499	2
312	3531	1
312	3686	2
312	3794	1
312	3835	1
312	4049	2
312	4071	3
319	374	1
319	449	1
319	579	1
319	589	1
319	714	1
319	1275	1
319	1464	1
319	1649	1
319	1665	1
319	1711	1
319	2079	1
319	2223	1
319	2293	1
319	2296	1
319	2570	1
319	2831	1
319	3121	1
319	3214	1
319	3312	4
319	3372	1
319	3678	1
319	3684	1
319	3686	1
319	3701	2
319	3704	1
319	3790	1
319	3992	2
335	342	1
335	347	1
335	415	1
335	433	1
335	472	1
335	489	1
335	585	1
335	587	1
335	589	4
335	601	2
335	623	2
335	721	1
335	836	1
335	964	1
335	966	1
335	1026	1
335	1089	3
335	1120	7
335	1175	6
335	1203	1
335	1226	1
335	1229	1
335	1230	1
335	1309	1
335	1357	7
335	1384	2
335	1397	2
335	1400	1
335	1402	1
335	1409	1
335	1412	2
335	1414	1
335	1478	12
335	1501	1
335	1510	1
335	1517	1
335	1606	1
335	1665	1
335	1694	3
335	1702	5
335	1719	4
335	1792	2
335	1878	1
335	1891	1
335	1895	2
335	1901	1
335	1909	1
335	2005	1
335	2090	1
335	2284	1
335	2293	1
335	2298	1
335	2309	1
335	2351	2
335	2409	1
335	2416	1
335	2424	1
335	2570	7
335	2592	1
335	2660	1
335	2765	1
335	2817	1
335	2831	1
335	2852	1
335	2859	3
335	2898	1
335	2925	3
335	2951	1
335	2962	1
335	3012	1
335	3046	1
335	3090	1
335	3121	3
335	3367	2
335	3372	3
335	3377	1
335	3390	4
335	3394	2
335	3462	2
335	3499	2
335	3528	2
335	3531	1
335	3578	1
335	3678	4
335	3686	3
335	3701	4
335	3704	7
335	3794	1
335	3812	1
335	3851	2
335	3910	2
335	3992	5
335	4001	1
335	4040	1
335	4043	4
335	4049	2
335	4071	1
335	4140	1
342	415	1
342	960	1
342	1055	1
342	1275	1
342	1357	1
342	1888	1
342	2090	1
342	2424	1
342	2570	1
342	2999	1
342	3121	1
342	3372	1
342	3446	1
342	3528	1
342	3531	1
342	3578	1
342	3678	1
342	3897	1
342	3916	1
342	4030	1
347	585	1
347	589	3
347	623	1
347	716	1
347	721	1
347	1026	2
347	1065	1
347	1089	1
347	1120	1
347	1216	1
347	1229	1
347	1230	1
347	1275	1
347	1305	1
347	1357	3
347	1399	1
347	1409	1
347	1414	1
347	1464	1
347	1478	3
347	1510	1
347	1665	1
347	1702	1
347	1719	1
347	1742	1
347	1752	1
347	1760	1
347	1792	1
347	1878	1
347	1895	1
347	1901	1
347	2881	1
347	2947	1
347	2954	1
347	3090	1
347	3188	1
347	3304	1
347	3372	1
347	3387	1
347	3390	1
347	3414	1
347	3528	2
347	3530	1
347	3574	1
347	3678	3
347	3686	4
347	3704	2
347	3790	2
347	3794	1
347	3910	1
347	3992	2
347	4049	2
347	4071	1
347	4123	1
374	377	2
374	579	1
374	589	2
374	628	1
374	636	1
374	637	4
374	685	5
374	714	4
374	900	1
374	926	7
374	944	1
374	964	1
374	991	1
374	1120	1
374	1137	2
374	1203	1
374	1275	1
374	1357	1
374	1478	1
374	1519	1
374	1539	1
374	1659	2
374	1665	3
374	1727	1
374	1792	1
374	2079	2
374	2223	1
374	2257	1
374	2273	1
374	2323	1
374	2444	1
374	2636	1
374	2658	1
374	2745	1
374	2817	2
374	2999	1
374	3011	2
374	3121	1
374	3309	2
374	3311	1
374	3343	1
374	3372	3
374	3423	2
374	3472	1
374	3531	2
374	3632	1
374	3678	4
374	3686	3
374	3910	1
374	3992	1
374	4020	1
374	4030	2
374	4040	1
374	4049	2
374	4123	1
377	687	1
377	926	2
377	944	1
377	1137	1
377	1267	2
377	1275	1
377	1649	1
377	1665	1
377	1792	1
377	2252	1
377	2254	1
377	2257	1
377	2570	1
377	2671	1
377	2745	1
377	3309	1
377	3472	1
377	3528	1
377	3578	1
377	3678	1
377	3992	2
377	4049	1
415	433	1
415	472	1
415	489	1
415	644	1
415	721	1
415	817	2
415	1039	1
415	1120	1
415	1203	1
415	1220	1
415	1257	2
415	1357	5
415	1379	1
415	1397	1
415	1403	1
415	1412	1
415	1478	2
415	1517	1
415	1702	2
415	1727	1
415	1734	1
415	1818	1
415	2090	2
415	2284	1
415	2411	1
415	2424	3
415	2570	2
415	2592	1
415	3121	1
415	3372	3
415	3390	2
415	3394	1
415	3472	1
415	3528	1
415	3530	2
415	3686	1
415	3704	2
415	3790	1
415	3910	1
415	3992	1
415	4043	2
415	4049	2
433	589	1
433	644	1
433	716	1
433	1120	2
433	1216	1
433	1257	1
433	1357	1
433	1384	1
433	1395	1
433	1403	1
433	1414	1
433	1478	2
433	1702	2
433	1845	1
433	1891	1
433	2293	1
433	2298	2
433	2424	1
433	2570	3
433	3046	1
433	3462	1
433	3528	1
433	3530	1
433	3531	1
433	3678	1
433	3686	2
433	3701	1
433	3704	1
433	4043	2
449	529	2
449	580	1
449	685	2
449	926	1
449	1320	1
449	1403	1
449	1845	1
449	1943	1
449	2745	1
449	3312	1
449	3372	1
449	3415	1
449	3528	1
449	3686	1
449	3701	2
449	3704	2
449	3790	1
449	3992	1
449	4049	1
466	628	1
466	863	1
466	1257	1
466	1403	1
466	1649	2
466	1665	1
466	1702	1
466	1742	1
466	1752	1
466	2488	1
466	2592	1
466	2765	2
466	2881	1
466	3022	1
466	3062	1
466	3365	1
466	3559	1
466	3816	1
466	3851	1
466	3992	2
466	4123	1
470	589	1
470	1089	1
470	1120	2
470	1203	1
470	1216	1
470	1229	1
470	1305	1
470	1314	1
470	1324	1
470	1357	2
470	1414	1
470	1659	1
470	1760	1
470	2005	2
470	2409	1
470	2951	1
470	3022	1
470	3238	1
470	3686	1
470	3704	2
470	3992	1
470	4043	2
470	4049	2
472	589	1
472	836	1
472	1120	1
472	1165	1
472	1203	1
472	1226	1
472	1357	2
472	1478	1
472	1510	1
472	1539	1
472	1702	1
472	1727	2
472	1734	1
472	1792	1
472	2309	1
472	2350	1
472	2660	1
472	2765	1
472	2954	1
472	3372	2
472	3390	2
472	3394	1
472	3415	1
472	3499	1
472	3578	1
472	3686	1
472	3704	1
472	3835	1
472	3840	1
472	3897	1
472	3910	1
472	3992	1
472	4020	1
472	4040	1
472	4049	1
479	863	1
479	1165	1
479	1226	1
479	1374	1
479	1414	1
479	1576	1
479	1593	1
479	1649	1
479	1659	2
479	1742	1
479	2323	1
479	2409	1
479	2658	1
479	3238	1
479	3325	1
479	3372	1
479	3462	1
479	3686	2
479	3992	3
479	4001	1
479	4049	1
489	548	2
489	585	1
489	589	3
489	644	2
489	716	1
489	721	1
489	817	1
489	900	1
489	1065	1
489	1089	3
489	1120	3
489	1220	1
489	1314	2
489	1357	3
489	1379	1
489	1384	1
489	1400	1
489	1413	1
489	1464	1
489	1478	3
489	1517	3
489	1606	2
489	1649	1
489	1665	1
489	1702	1
489	1708	1
489	1719	3
489	1760	2
489	1761	2
489	1818	1
489	1845	1
489	1888	2
489	1891	1
489	1901	5
489	1909	1
489	1930	1
489	2284	1
489	2326	1
489	2466	1
489	2570	2
489	2592	3
489	2898	1
489	2925	1
489	3264	1
489	3372	6
489	3390	3
489	3394	1
489	3446	1
489	3472	1
489	3530	1
489	3531	2
489	3578	1
489	3632	1
489	3686	4
489	3701	1
489	3704	6
489	3794	1
489	3812	1
489	3851	1
489	3910	1
489	3992	4
489	4049	2
529	685	2
529	926	1
529	1320	2
529	1357	1
529	1478	1
529	1845	1
529	1888	1
529	2005	1
529	2254	1
529	2745	1
529	3343	1
529	3372	1
529	3415	1
529	3528	1
529	3701	2
529	3992	1
529	4049	1
548	589	1
548	901	1
548	1089	2
548	1175	1
548	1357	1
548	1702	1
548	1719	3
548	1761	1
548	1891	1
548	1901	1
548	1930	1
548	2570	1
548	2592	1
548	2796	1
548	3372	1
548	3390	1
548	3574	1
548	3632	1
548	3704	1
548	3851	3
548	3965	1
548	3992	1
548	4049	1
579	628	1
579	685	2
579	687	1
579	714	1
579	926	3
579	1055	1
579	1397	1
579	1407	1
579	1478	1
579	1659	1
579	1665	3
579	2079	7
579	2254	1
579	2296	2
579	2409	1
579	3090	1
579	3309	1
579	3312	1
579	3318	1
579	3372	1
579	3390	1
579	3686	4
579	3992	1
579	4040	1
580	628	1
580	901	1
580	1026	1
580	1039	1
580	1089	1
580	1239	1
580	1257	1
580	1357	2
580	1399	1
580	1412	1
580	1413	1
580	1606	1
580	1659	1
580	1719	1
580	1752	1
580	1760	1
580	1901	1
580	1904	2
580	2079	1
580	2234	2
580	2295	4
580	2391	1
580	2528	1
580	2570	1
580	2831	1
580	2951	1
580	3372	2
580	3390	1
580	3531	1
580	3578	1
580	3678	1
580	3686	2
580	3701	2
580	3704	5
580	3790	1
580	3794	1
580	3812	1
580	3822	1
580	4030	1
580	4140	1
585	589	1
585	817	1
585	1026	1
585	1089	6
585	1175	1
585	1357	3
585	1400	1
585	1403	1
585	1412	1
585	1413	1
585	1414	4
585	1593	1
585	1659	1
585	1665	2
585	1694	1
585	1719	3
585	1727	1
585	1761	2
585	1818	1
585	1878	1
585	1901	1
585	1904	1
585	1930	1
585	2246	1
585	2284	3
585	2302	1
585	2309	1
585	2391	1
585	2424	1
585	2570	1
585	2925	1
585	2962	1
585	3188	1
585	3264	1
585	3372	1
585	3387	2
585	3390	1
585	3394	1
585	3528	1
585	3531	2
585	3678	1
585	3686	2
585	3704	3
585	3835	1
585	3851	4
585	3992	1
585	4049	3
587	589	1
587	623	1
587	900	2
587	901	4
587	1065	1
587	1089	6
587	1120	6
587	1175	1
587	1229	1
587	1239	1
587	1305	2
587	1357	4
587	1399	1
587	1407	1
587	1414	2
587	1478	2
587	1593	1
587	1606	1
587	1702	1
587	1719	3
587	1761	3
587	1905	1
587	1909	1
587	1930	2
587	2246	1
587	2284	1
587	2309	3
587	2411	1
587	2416	1
587	2444	1
587	2570	1
587	2765	1
587	3046	1
587	3188	1
587	3264	1
587	3372	3
587	3387	1
587	3462	1
587	3472	2
587	3528	1
587	3531	3
587	3574	1
587	3578	2
587	3686	7
587	3704	3
587	3816	2
587	3965	1
587	3992	1
587	4040	1
587	4049	3
587	4123	1
589	601	1
589	628	1
589	636	1
589	644	2
589	685	1
589	714	1
589	716	1
589	721	2
589	863	1
589	901	4
589	944	2
589	1065	1
589	1089	9
589	1120	10
589	1175	4
589	1203	1
589	1216	2
589	1220	1
589	1229	1
589	1230	1
589	1239	1
589	1257	1
589	1275	1
589	1287	1
589	1305	1
589	1314	4
589	1324	1
589	1357	14
589	1374	1
589	1376	1
589	1397	1
589	1399	1
589	1400	1
589	1403	3
589	1412	1
589	1414	4
589	1478	11
589	1497	1
589	1510	2
589	1517	1
589	1606	4
589	1649	2
589	1665	2
589	1702	2
589	1708	1
589	1719	6
589	1727	1
589	1734	1
589	1742	1
589	1760	4
589	1761	3
589	1787	2
589	1792	1
589	1818	1
589	1845	1
589	1878	1
589	1888	2
589	1895	1
589	1901	6
589	1905	1
589	1909	1
589	1916	1
589	1943	1
589	2202	1
589	2246	1
589	2284	2
589	2293	1
589	2295	1
589	2298	2
589	2309	1
589	2351	1
589	2409	1
589	2536	2
589	2570	1
589	2592	1
589	2608	1
589	2636	2
589	2658	1
589	2765	2
589	2817	1
589	2925	3
589	2951	3
589	2962	1
589	2999	2
589	3022	1
589	3090	1
589	3214	1
589	3264	1
589	3304	1
589	3312	1
589	3343	1
589	3367	1
589	3372	5
589	3377	1
589	3387	2
589	3390	3
589	3415	1
589	3423	1
589	3472	2
589	3499	2
589	3528	3
589	3530	1
589	3531	3
589	3574	2
589	3578	5
589	3591	1
589	3678	3
589	3686	11
589	3701	4
589	3704	4
589	3790	2
589	3794	3
589	3851	4
589	3910	3
589	3966	1
589	3992	9
589	4001	1
589	4040	2
589	4043	3
589	4049	5
589	4071	4
589	4073	1
601	644	1
601	863	1
601	964	2
601	1089	2
601	1120	2
601	1175	2
601	1226	1
601	1229	1
601	1309	1
601	1357	3
601	1384	1
601	1403	1
601	1409	1
601	1412	1
601	1413	1
601	1414	1
601	1478	1
601	1497	1
601	1510	2
601	1576	1
601	1649	4
601	1665	1
601	1694	1
601	1702	4
601	1719	4
601	1891	2
601	1901	1
601	1943	2
601	2234	1
601	2409	1
601	2528	1
601	2570	1
601	2660	1
601	2796	1
601	2951	1
601	2999	1
601	3046	1
601	3183	2
601	3367	2
601	3372	1
601	3390	1
601	3415	1
601	3462	1
601	3528	2
601	3531	2
601	3574	2
601	3578	1
601	3632	1
601	3649	3
601	3686	2
601	3701	2
601	3704	1
601	3762	1
601	3816	1
601	3851	1
601	3992	3
601	4040	1
601	4043	2
601	4049	4
601	4130	2
623	637	1
623	960	2
623	964	2
623	1089	2
623	1165	2
623	1166	1
623	1220	1
623	1226	4
623	1399	1
623	1400	1
623	1412	2
623	1414	1
623	1478	2
623	1486	1
623	1510	1
623	1576	1
623	1593	1
623	1649	1
623	1665	1
623	1694	1
623	1719	1
623	1761	1
623	1792	1
623	1895	1
623	1909	1
623	2008	2
623	2309	1
623	2326	1
623	2350	2
623	2660	2
623	2701	1
623	2954	1
623	2999	1
623	3090	1
623	3264	1
623	3372	1
623	3390	2
623	3412	1
623	3531	1
623	3578	3
623	3629	4
623	3632	2
623	3678	2
623	3686	4
623	3692	1
623	3704	2
623	3910	1
623	3992	2
623	4049	3
628	637	1
628	685	1
628	687	1
628	1055	1
628	1497	1
628	1649	2
628	1659	3
628	2292	1
628	2295	1
628	2636	1
628	2925	1
628	3309	1
628	3390	1
628	3412	1
628	3678	1
628	3690	1
628	3692	1
628	3701	1
628	3704	1
628	3762	1
628	3916	1
628	3992	1
628	4040	1
628	4123	1
635	636	2
635	960	1
635	1203	1
635	1478	1
635	1519	1
635	1539	1
635	1659	1
635	1943	1
635	2570	1
635	2636	1
635	2947	1
635	3372	2
635	3412	1
635	3423	1
635	3578	1
635	3591	1
635	3690	1
635	3883	1
635	3916	1
635	3992	1
635	4030	2
635	4040	1
636	637	4
636	714	1
636	900	1
636	926	2
636	960	1
636	991	1
636	1203	1
636	1395	1
636	1478	1
636	1501	1
636	1510	1
636	1519	1
636	1539	1
636	1576	1
636	1702	1
636	1734	2
636	2351	1
636	2636	1
636	2658	1
636	2745	2
636	2947	1
636	2962	1
636	2999	1
636	3372	4
636	3412	1
636	3415	1
636	3418	2
636	3423	1
636	3499	1
636	3578	3
636	3591	1
636	3790	1
636	3840	1
636	3916	1
636	3992	1
636	4030	6
636	4049	1
637	714	1
637	900	2
637	926	2
637	960	2
637	991	2
637	1203	2
637	1275	1
637	1357	1
637	1478	3
637	1501	1
637	1517	1
637	1519	2
637	1539	1
637	1576	1
637	1665	1
637	1734	3
637	1909	1
637	2202	1
637	2223	1
637	2323	2
637	2444	1
637	2570	1
637	2636	3
637	2658	1
637	2701	2
637	2745	1
637	2962	1
637	2999	2
637	3011	1
637	3372	5
637	3412	3
637	3418	7
637	3423	1
637	3499	1
637	3528	1
637	3531	1
637	3578	2
637	3629	1
637	3632	1
637	3673	2
637	3690	2
637	3692	4
637	3704	1
637	3762	1
637	3840	3
637	3883	2
637	3916	3
637	3992	1
637	4030	10
637	4040	1
644	863	1
644	900	1
644	901	1
644	1039	1
644	1089	2
644	1120	5
644	1166	1
644	1175	2
644	1216	1
644	1220	1
644	1314	1
644	1357	1
644	1379	1
644	1414	2
644	1478	1
644	1517	1
644	1606	2
644	1649	1
644	1702	3
644	1708	1
644	1719	2
644	1761	1
644	1845	2
644	1888	2
644	1901	2
644	2284	1
644	2293	1
644	2295	1
644	2351	1
644	2570	2
644	2592	1
644	2925	1
644	3012	1
644	3022	1
644	3183	1
644	3312	1
644	3372	2
644	3390	2
644	3415	1
644	3462	1
644	3528	2
644	3531	2
644	3649	1
644	3686	2
644	3701	2
644	3704	1
644	3812	1
644	3816	1
644	3910	3
644	3965	1
644	3966	1
644	3992	2
644	4043	2
644	4049	4
685	714	1
685	926	4
685	964	1
685	1320	1
685	1357	1
685	1407	1
685	1659	2
685	1665	3
685	1845	1
685	1943	1
685	2070	1
685	2079	3
685	2252	1
685	2254	1
685	2292	1
685	2636	1
685	2745	1
685	2817	1
685	2999	1
685	3309	1
685	3311	1
685	3372	1
685	3415	1
685	3423	1
685	3472	1
685	3528	1
685	3531	1
685	3578	2
685	3678	1
685	3686	1
685	3701	1
685	3840	1
685	3916	1
685	3992	1
685	4040	1
685	4049	3
685	4123	1
687	926	2
687	952	1
687	991	1
687	1055	1
687	1659	1
687	1665	1
687	1818	1
687	2070	1
687	2254	1
687	2257	1
687	2745	1
687	3472	1
687	3528	1
687	3578	2
687	3701	1
687	3992	1
687	4123	1
714	926	2
714	1407	1
714	1478	1
714	1539	1
714	1665	1
714	1727	1
714	2079	1
714	2636	1
714	2745	1
714	3121	1
714	3343	1
714	3372	2
714	3423	1
714	3578	1
714	3678	1
714	3686	1
714	3910	1
714	4030	1
714	4040	1
716	960	1
716	1089	2
716	1120	2
716	1203	1
716	1216	1
716	1357	3
716	1384	1
716	1397	1
716	1412	1
716	1414	1
716	1478	2
716	1649	1
716	1659	1
716	1719	2
716	1742	1
716	1891	2
716	1901	2
716	2293	1
716	2309	1
716	2326	1
716	2351	1
716	2466	1
716	2570	3
716	2898	1
716	2925	1
716	3387	1
716	3530	1
716	3531	1
716	3574	1
716	3578	3
716	3678	2
716	3686	3
716	3704	1
716	3851	1
716	3966	1
716	4130	1
716	4140	1
721	817	2
721	944	1
721	1026	1
721	1175	2
721	1357	3
721	1384	1
721	1399	1
721	1402	1
721	1409	1
721	1478	5
721	1517	1
721	1649	1
721	1702	1
721	1719	2
721	1760	1
721	1787	1
721	1818	1
721	1878	2
721	1888	1
721	2005	1
721	2202	1
721	2444	2
721	2570	1
721	2592	1
721	2881	1
721	2925	2
721	3062	1
721	3121	1
721	3372	2
721	3390	2
721	3472	1
721	3530	1
721	3678	3
721	3686	3
721	3701	1
721	3704	2
721	3790	2
721	3794	3
721	3812	1
721	3851	1
721	3966	1
721	3992	1
721	4043	1
721	4071	2
788	926	3
788	952	1
788	960	1
788	991	1
788	1120	1
788	1397	1
788	1659	1
788	1665	6
788	1818	1
788	1878	1
788	2070	1
788	2257	3
788	2444	1
788	2570	1
788	2701	1
788	2796	2
788	3578	1
788	3678	2
788	3686	3
788	3851	1
788	3992	1
788	4071	1
817	1120	1
817	1314	1
817	1357	3
817	1397	1
817	1400	1
817	1403	1
817	1414	1
817	1478	1
817	1517	1
817	1593	1
817	1659	1
817	1719	1
817	1787	1
817	1818	2
817	1891	1
817	2444	1
817	2592	1
817	2881	1
817	3372	1
817	3387	1
817	3390	1
817	3394	1
817	3472	1
817	3530	1
817	3686	2
817	3704	2
817	3790	1
817	3794	1
817	3910	1
817	4043	2
817	4049	1
836	966	1
836	1089	1
836	1120	3
836	1166	1
836	1203	1
836	1229	1
836	1309	1
836	1719	3
836	1727	2
836	1845	1
836	1901	1
836	1909	1
836	2202	1
836	2570	1
836	2660	2
836	2925	1
836	3531	1
836	3574	1
836	3678	1
836	3686	1
836	3822	1
836	3851	1
836	3965	1
836	4030	1
836	4049	1
863	1120	2
863	1229	1
863	1412	1
863	1478	1
863	1593	2
863	1649	2
863	1702	1
863	1742	1
863	1891	1
863	2444	1
863	2488	1
863	2592	1
863	2636	1
863	2658	1
863	3183	1
863	3415	1
863	3462	1
863	3472	1
863	3649	1
863	3686	2
863	3816	2
863	3992	2
863	4049	1
900	991	1
900	1065	1
900	1089	2
900	1120	3
900	1203	3
900	1239	2
900	1314	1
900	1357	5
900	1374	1
900	1400	1
900	1412	1
900	1413	1
900	1478	2
900	1501	1
900	1510	2
900	1576	3
900	1659	1
900	1719	2
900	1727	1
900	1761	1
900	1901	3
900	1943	2
900	2246	1
900	2309	1
900	2323	1
900	2326	1
900	2636	1
900	2831	1
900	2854	1
900	2859	1
900	2954	1
900	2962	1
900	2999	1
900	3188	1
900	3372	9
900	3390	1
900	3414	1
900	3499	1
900	3531	3
900	3578	2
900	3591	1
900	3632	1
900	3686	2
900	3701	2
900	3704	2
900	3812	3
900	3892	1
900	3992	2
900	4030	3
900	4049	1
901	1089	9
901	1120	4
901	1175	2
901	1220	3
901	1229	1
901	1239	1
901	1287	1
901	1305	1
901	1314	1
901	1324	1
901	1357	7
901	1374	1
901	1399	1
901	1407	1
901	1412	2
901	1414	2
901	1478	4
901	1665	2
901	1702	1
901	1719	3
901	1761	2
901	1818	2
901	1888	1
901	1891	1
901	1904	2
901	1905	1
901	1909	1
901	1930	1
901	2090	1
901	2293	1
901	2309	2
901	2391	1
901	2411	2
901	2444	1
901	2528	1
901	2570	5
901	2592	1
901	2608	1
901	2859	1
901	2951	1
901	2962	1
901	3022	1
901	3046	1
901	3372	2
901	3499	1
901	3528	1
901	3531	2
901	3574	1
901	3578	1
901	3591	1
901	3678	2
901	3686	7
901	3701	1
901	3704	1
901	3816	1
901	3851	1
901	3910	1
901	3966	2
901	3992	2
901	4040	1
901	4049	5
901	4071	1
901	4123	2
926	991	3
926	1120	1
926	1320	1
926	1357	1
926	1397	1
926	1478	1
926	1519	1
926	1539	1
926	1649	1
926	1659	2
926	1665	5
926	1818	1
926	1845	1
926	1878	1
926	1943	1
926	2070	2
926	2079	4
926	2252	3
926	2254	2
926	2257	4
926	2273	2
926	2409	1
926	2636	4
926	2671	1
926	2745	3
926	2796	1
926	2817	1
926	2999	2
926	3090	1
926	3121	1
926	3214	1
926	3309	1
926	3365	1
926	3372	2
926	3423	1
926	3472	1
926	3528	2
926	3578	5
926	3678	1
926	3686	7
926	3840	1
926	3992	5
926	4030	2
926	4049	1
926	4071	1
926	4123	2
944	1055	1
944	1120	1
944	1137	1
944	1230	1
944	1357	3
944	1414	1
944	1464	1
944	1478	4
944	1649	1
944	1719	1
944	1878	1
944	2273	1
944	2284	1
944	2309	1
944	2416	2
944	2444	1
944	2671	1
944	2817	1
944	2844	3
944	2852	1
944	2854	1
944	2859	2
944	2925	1
944	2999	2
944	3012	2
944	3062	2
944	3309	1
944	3311	1
944	3318	1
944	3365	2
944	3372	1
944	3394	1
944	3528	1
944	3531	1
944	3678	2
944	3686	2
944	3704	1
944	3794	2
944	3883	1
944	3892	1
944	4071	2
952	991	1
952	1120	1
952	1665	3
952	2070	1
952	2273	1
952	2444	1
952	2488	3
952	2570	1
952	2765	2
952	3121	1
952	3414	1
952	3559	2
952	4123	2
960	1120	1
960	1203	2
960	1519	2
960	1539	1
960	1659	1
960	2008	1
960	2202	1
960	2309	1
960	2536	1
960	2701	3
960	2947	1
960	2999	1
960	3372	1
960	3412	1
960	3415	1
960	3423	1
960	3578	2
960	3629	2
960	3673	1
960	3692	3
960	3916	2
960	4030	3
960	4049	1
964	966	1
964	1026	1
964	1089	1
964	1137	1
964	1163	1
964	1175	1
964	1203	2
964	1220	1
964	1226	1
964	1229	2
964	1309	1
964	1314	1
964	1357	4
964	1403	1
964	1412	2
964	1478	4
964	1606	1
964	1649	4
964	1665	2
964	1694	2
964	1702	1
964	1719	6
964	1901	3
964	2292	1
964	2466	1
964	2570	1
964	2660	2
964	2769	3
964	2844	1
964	2854	1
964	2859	3
964	2951	1
964	2954	1
964	3183	2
964	3325	1
964	3343	1
964	3390	1
964	3528	1
964	3531	2
964	3574	1
964	3578	3
964	3678	3
964	3686	5
964	3704	2
964	3762	2
964	3851	1
964	3892	1
964	3992	4
964	4020	1
964	4043	1
964	4049	5
964	4123	1
964	4130	2
964	4140	2
966	1229	1
966	1309	4
966	1357	1
966	1719	1
966	2246	1
966	2570	1
966	2769	2
966	2859	2
966	3678	1
966	3686	2
966	3704	1
966	4140	1
991	1203	1
991	1478	1
991	1539	1
991	1659	1
991	1665	1
991	1818	1
991	2323	1
991	2636	1
991	2796	1
991	2999	1
991	3372	1
991	3578	1
991	3632	1
991	4030	1
991	4071	1
1026	1089	2
1026	1120	4
1026	1175	3
1026	1230	1
1026	1309	1
1026	1357	3
1026	1374	1
1026	1376	1
1026	1409	1
1026	1414	2
1026	1464	1
1026	1478	4
1026	1659	1
1026	1719	2
1026	1760	1
1026	1878	1
1026	1888	1
1026	1904	1
1026	2284	1
1026	2295	1
1026	2570	3
1026	2769	1
1026	2859	1
1026	2954	1
1026	3022	1
1026	3183	1
1026	3325	1
1026	3372	2
1026	3377	3
1026	3390	1
1026	3414	1
1026	3531	2
1026	3578	1
1026	3678	1
1026	3686	1
1026	3701	1
1026	3704	4
1026	3790	2
1026	3822	1
1026	3851	1
1026	3966	2
1026	3992	1
1026	4049	3
1039	1089	1
1039	1175	1
1039	1357	1
1039	1379	1
1039	1399	1
1039	1412	1
1039	1414	1
1039	1659	1
1039	1719	2
1039	1760	1
1039	2284	2
1039	2570	1
1039	3188	1
1039	3372	1
1039	3390	2
1039	3528	1
1039	3704	3
1039	3794	1
1039	4043	1
1039	4049	1
1039	4140	1
1055	1659	1
1055	1665	1
1055	1708	1
1055	2070	1
1055	2254	1
1055	2273	1
1055	2636	1
1055	2671	1
1055	2999	1
1055	3062	1
1055	3531	1
1055	3578	2
1055	3678	1
1055	3897	1
1055	4123	1
1065	1089	3
1065	1120	3
1065	1175	2
1065	1229	1
1065	1357	3
1065	1374	1
1065	1379	1
1065	1397	1
1065	1399	1
1065	1409	1
1065	1414	4
1065	1478	3
1065	1665	1
1065	1702	3
1065	1719	3
1065	1742	1
1065	1787	1
1065	1818	1
1065	1878	1
1065	1904	1
1065	2284	1
1065	2309	1
1065	2411	1
1065	2528	1
1065	2592	1
1065	2671	1
1065	2947	1
1065	2951	1
1065	2999	1
1065	3188	2
1065	3372	2
1065	3394	1
1065	3528	3
1065	3531	2
1065	3578	3
1065	3704	5
1065	3851	2
1065	4049	4
1089	1120	15
1089	1165	1
1089	1166	1
1089	1175	6
1089	1203	1
1089	1220	4
1089	1226	1
1089	1229	1
1089	1287	3
1089	1305	2
1089	1314	6
1089	1324	1
1089	1357	21
1089	1374	4
1089	1395	1
1089	1397	1
1089	1399	2
1089	1400	3
1089	1403	4
1089	1407	1
1089	1412	4
1089	1413	6
1089	1414	20
1089	1464	1
1089	1478	8
1089	1510	1
1089	1593	1
1089	1606	2
1089	1659	4
1089	1665	5
1089	1702	6
1089	1719	14
1089	1727	2
1089	1760	3
1089	1761	8
1089	1787	1
1089	1818	3
1089	1845	3
1089	1878	1
1089	1888	3
1089	1891	1
1089	1895	1
1089	1901	8
1089	1904	4
1089	1905	1
1089	1930	1
1089	2005	1
1089	2202	1
1089	2234	1
1089	2246	2
1089	2295	1
1089	2298	1
1089	2302	1
1089	2309	7
1089	2350	1
1089	2351	1
1089	2391	3
1089	2411	2
1089	2444	1
1089	2466	1
1089	2570	9
1089	2608	2
1089	2660	1
1089	2671	1
1089	2765	2
1089	2769	1
1089	2796	1
1089	2859	1
1089	2925	3
1089	2947	1
1089	2951	5
1089	2962	2
1089	2999	1
1089	3012	1
1089	3046	1
1089	3188	4
1089	3264	3
1089	3367	2
1089	3372	8
1089	3387	2
1089	3390	2
1089	3414	1
1089	3462	1
1089	3499	1
1089	3528	4
1089	3531	20
1089	3574	3
1089	3578	12
1089	3678	5
1089	3684	1
1089	3686	24
1089	3701	4
1089	3704	14
1089	3762	1
1089	3790	1
1089	3812	2
1089	3822	1
1089	3835	1
1089	3851	7
1089	3910	3
1089	3965	2
1089	3966	3
1089	3992	3
1089	4040	1
1089	4043	4
1089	4049	20
1089	4071	1
1089	4073	1
1089	4130	1
1089	4140	2
1120	1166	1
1120	1175	7
1120	1216	2
1120	1220	1
1120	1226	1
1120	1229	3
1120	1230	1
1120	1239	1
1120	1257	1
1120	1287	1
1120	1305	2
1120	1309	1
1120	1314	4
1120	1324	2
1120	1357	17
1120	1374	2
1120	1376	1
1120	1379	2
1120	1397	3
1120	1399	2
1120	1400	2
1120	1402	2
1120	1403	2
1120	1409	1
1120	1412	1
1120	1413	2
1120	1414	9
1120	1464	1
1120	1478	20
1120	1486	1
1120	1497	2
1120	1510	2
1120	1593	3
1120	1606	4
1120	1649	1
1120	1659	5
1120	1665	6
1120	1694	3
1120	1702	12
1120	1708	1
1120	1711	1
1120	1719	9
1120	1727	3
1120	1734	2
1120	1760	3
1120	1761	6
1120	1818	2
1120	1845	4
1120	1878	1
1120	1891	4
1120	1901	3
1120	1904	4
1120	1909	2
1120	1930	1
1120	1943	2
1120	2005	1
1120	2070	1
1120	2202	1
1120	2234	1
1120	2246	3
1120	2273	1
1120	2284	4
1120	2293	3
1120	2295	1
1120	2298	1
1120	2309	3
1120	2323	1
1120	2350	2
1120	2351	1
1120	2416	1
1120	2444	2
1120	2466	1
1120	2570	10
1120	2592	1
1120	2608	1
1120	2636	1
1120	2660	1
1120	2765	2
1120	2796	2
1120	2817	1
1120	2831	1
1120	2859	2
1120	2881	1
1120	2925	4
1120	2951	5
1120	2954	3
1120	2999	3
1120	3012	1
1120	3022	2
1120	3046	3
1120	3121	1
1120	3183	2
1120	3238	1
1120	3325	1
1120	3343	2
1120	3367	1
1120	3372	6
1120	3377	2
1120	3387	2
1120	3390	2
1120	3394	1
1120	3414	1
1120	3415	3
1120	3462	2
1120	3472	2
1120	3528	4
1120	3530	1
1120	3531	7
1120	3574	2
1120	3578	8
1120	3591	1
1120	3649	2
1120	3673	1
1120	3678	3
1120	3684	1
1120	3686	17
1120	3701	10
1120	3704	13
1120	3762	1
1120	3790	4
1120	3812	2
1120	3816	1
1120	3822	1
1120	3835	1
1120	3851	3
1120	3965	3
1120	3992	8
1120	4043	5
1120	4049	13
1120	4140	2
1137	1175	1
1137	1478	1
1137	1539	1
1137	1702	1
1137	1711	1
1137	2570	1
1137	2658	1
1137	2796	1
1137	2844	1
1137	3011	1
1137	3309	1
1137	3325	1
1137	3372	1
1137	3423	1
1137	3678	1
1137	3704	1
1137	3794	2
1137	4030	1
1137	4049	1
1163	1203	2
1163	1314	1
1163	1324	1
1163	1357	2
1163	1478	2
1163	1659	1
1163	1702	1
1163	1719	2
1163	1752	1
1163	1904	1
1163	1916	1
1163	2570	1
1163	2660	1
1163	2769	1
1163	3183	1
1163	3394	1
1163	3528	1
1163	3678	2
1163	3701	1
1163	3790	1
1163	3794	1
1163	3992	1
1163	4043	1
1163	4049	2
1163	4073	1
1165	1166	1
1165	1226	5
1165	1399	1
1165	1400	1
1165	1414	1
1165	1486	1
1165	1510	2
1165	1576	1
1165	1665	2
1165	1909	1
1165	2309	1
1165	2350	4
1165	2660	2
1165	3264	1
1165	3372	1
1165	3390	1
1165	3531	1
1165	3578	1
1165	3632	1
1165	3686	2
1165	3992	2
1165	4049	2
1166	1203	1
1166	1226	1
1166	1400	1
1166	1403	1
1166	1464	1
1166	1478	1
1166	1659	1
1166	1665	1
1166	1761	1
1166	1901	1
1166	1916	1
1166	2350	1
1166	2660	1
1166	3022	1
1166	3531	1
1166	3686	1
1166	3701	1
1166	4030	1
1175	1229	2
1175	1309	1
1175	1357	12
1175	1374	2
1175	1384	2
1175	1397	1
1175	1400	1
1175	1402	1
1175	1403	1
1175	1412	1
1175	1413	1
1175	1414	4
1175	1478	9
1175	1497	1
1175	1593	1
1175	1649	2
1175	1659	2
1175	1665	1
1175	1694	1
1175	1702	7
1175	1719	9
1175	1742	1
1175	1760	3
1175	1761	3
1175	1787	1
1175	1818	2
1175	1878	2
1175	1888	2
1175	1891	2
1175	1895	1
1175	1901	3
1175	1904	3
1175	2005	1
1175	2090	2
1175	2246	2
1175	2284	4
1175	2293	1
1175	2309	3
1175	2323	1
1175	2424	1
1175	2528	1
1175	2570	3
1175	2592	1
1175	2636	1
1175	2671	1
1175	2765	1
1175	2796	2
1175	2898	1
1175	2925	1
1175	2951	3
1175	2962	2
1175	2999	1
1175	3022	2
1175	3046	2
1175	3121	1
1175	3183	2
1175	3188	2
1175	3238	1
1175	3304	1
1175	3325	2
1175	3372	3
1175	3390	3
1175	3394	1
1175	3462	1
1175	3528	2
1175	3531	5
1175	3559	1
1175	3574	2
1175	3578	1
1175	3649	1
1175	3678	1
1175	3684	1
1175	3686	6
1175	3701	2
1175	3704	8
1175	3762	2
1175	3790	1
1175	3794	2
1175	3812	1
1175	3816	1
1175	3851	5
1175	3897	1
1175	3910	1
1175	3966	2
1175	3992	4
1175	4043	3
1175	4049	5
1175	4123	2
1203	1229	1
1203	1314	2
1203	1324	1
1203	1357	3
1203	1402	1
1203	1414	1
1203	1478	3
1203	1576	2
1203	1606	1
1203	1659	1
1203	1702	4
1203	1727	3
1203	1734	2
1203	1760	1
1203	1761	1
1203	1787	1
1203	1818	1
1203	1845	1
1203	1943	3
1203	2292	1
1203	2298	1
1203	2309	2
1203	2323	1
1203	2409	1
1203	2424	1
1203	2466	1
1203	2536	2
1203	2570	1
1203	2636	1
1203	2660	2
1203	2769	1
1203	2817	1
1203	3011	1
1203	3183	1
1203	3372	6
1203	3390	2
1203	3394	1
1203	3418	2
1203	3423	1
1203	3528	1
1203	3531	1
1203	3578	1
1203	3591	1
1203	3632	2
1203	3678	2
1203	3686	1
1203	3690	1
1203	3812	3
1203	3840	1
1203	3897	1
1203	3910	1
1203	3992	4
1203	4030	3
1203	4040	1
1203	4049	2
1203	4071	1
1216	1414	1
1216	1702	1
1216	1742	1
1216	1845	1
1216	2293	1
1216	2570	1
1216	2951	2
1216	3372	1
1216	3387	1
1216	3462	1
1216	3530	1
1216	3531	2
1216	3591	1
1216	3686	3
1216	3701	1
1216	4043	1
1216	4049	1
1220	1287	1
1220	1314	3
1220	1357	4
1220	1374	1
1220	1409	1
1220	1412	1
1220	1414	3
1220	1478	1
1220	1649	1
1220	1694	1
1220	1702	2
1220	1719	3
1220	1761	4
1220	1845	3
1220	1888	2
1220	1891	1
1220	1895	2
1220	1904	3
1220	2284	1
1220	2411	1
1220	2444	1
1220	2570	4
1220	2608	1
1220	2925	1
1220	2954	1
1220	3090	1
1220	3188	1
1220	3372	1
1220	3390	2
1220	3531	1
1220	3578	1
1220	3591	1
1220	3678	1
1220	3686	7
1220	3704	2
1220	3812	1
1220	3851	2
1220	3910	1
1220	3965	1
1220	3966	1
1220	3992	1
1220	4049	4
1226	1399	3
1226	1400	1
1226	1412	1
1226	1414	1
1226	1478	1
1226	1486	2
1226	1510	5
1226	1576	1
1226	1593	2
1226	1649	1
1226	1665	3
1226	1761	1
1226	1909	1
1226	2309	1
1226	2326	1
1226	2350	4
1226	2660	4
1226	3264	1
1226	3372	1
1226	3387	1
1226	3390	1
1226	3528	1
1226	3531	1
1226	3574	1
1226	3578	4
1226	3632	2
1226	3649	1
1226	3678	1
1226	3686	5
1226	3704	1
1226	3992	6
1226	4049	2
1226	4130	1
1226	4140	1
1229	1239	1
1229	1309	1
1229	1357	6
1229	1397	1
1229	1403	1
1229	1409	2
1229	1412	1
1229	1414	2
1229	1478	2
1229	1606	1
1229	1649	2
1229	1665	1
1229	1702	1
1229	1719	6
1229	1734	1
1229	1760	1
1229	1891	1
1229	1901	2
1229	1904	1
1229	1930	1
1229	2090	1
1229	2570	2
1229	2608	1
1229	2765	1
1229	2817	1
1229	2859	1
1229	2947	1
1229	2951	1
1229	2954	1
1229	3022	1
1229	3046	1
1229	3183	1
1229	3372	1
1229	3377	1
1229	3387	1
1229	3390	1
1229	3415	1
1229	3462	1
1229	3472	1
1229	3528	2
1229	3531	1
1229	3559	1
1229	3574	2
1229	3591	1
1229	3678	2
1229	3686	3
1229	3701	2
1229	3704	4
1229	3762	1
1229	3794	1
1229	3835	1
1229	3966	1
1229	4001	1
1229	4043	3
1229	4049	2
1229	4073	1
1230	1357	1
1230	1464	1
1230	1478	2
1230	1649	1
1230	1659	1
1230	1719	1
1230	1878	1
1230	2302	1
1230	2925	1
1230	2954	1
1230	3022	1
1230	3394	1
1230	3414	1
1230	3528	1
1230	3790	1
1230	3992	1
1239	1257	1
1239	1357	3
1239	1478	3
1239	1606	1
1239	1659	1
1239	1719	2
1239	1760	1
1239	1888	1
1239	1904	2
1239	1905	1
1239	2293	1
1239	2859	1
1239	2999	1
1239	3090	1
1239	3372	3
1239	3446	1
1239	3528	1
1239	3574	1
1239	3701	1
1239	3966	1
1239	4049	1
1239	4140	1
1257	1357	3
1257	1397	1
1257	1399	1
1257	1403	2
1257	1414	1
1257	1464	1
1257	1478	1
1257	1659	1
1257	1702	1
1257	1752	1
1257	1760	2
1257	1761	2
1257	1888	1
1257	1904	1
1257	2323	1
1257	2391	1
1257	2416	1
1257	2424	1
1257	2570	2
1257	2671	1
1257	2831	1
1257	2881	2
1257	3011	1
1257	3022	1
1257	3062	1
1257	3325	1
1257	3365	1
1257	3462	1
1257	3528	1
1257	3530	1
1257	3701	2
1257	3790	1
1257	3794	1
1257	3851	1
1257	3992	2
1257	4043	2
1257	4049	1
1267	1649	1
1267	1659	2
1267	1792	4
1267	1878	2
1267	2570	1
1267	2796	1
1267	3062	1
1267	3678	1
1267	3704	1
1267	4049	1
1275	1752	1
1275	1792	1
1275	1888	1
1275	2881	1
1275	3214	1
1275	3312	1
1275	3372	1
1275	3531	1
1275	3578	1
1275	3686	1
1275	3840	1
1275	3883	1
1275	3916	1
1275	4123	1
1287	1314	2
1287	1357	2
1287	1374	1
1287	1400	1
1287	1478	1
1287	1606	1
1287	1665	2
1287	1702	2
1287	1708	1
1287	1760	2
1287	1761	1
1287	1845	1
1287	1891	1
1287	1901	2
1287	1904	1
1287	2284	1
1287	2323	1
1287	2444	1
1287	2570	2
1287	3372	2
1287	3531	1
1287	3578	1
1287	3686	2
1287	3701	2
1287	3966	1
1287	3992	1
1287	4049	1
1305	1357	1
1305	1414	1
1305	1606	1
1305	1659	2
1305	1665	1
1305	1708	1
1305	1761	1
1305	1909	1
1305	2005	1
1305	2444	1
1305	3304	1
1305	3387	2
1305	3528	1
1305	3530	1
1305	3678	1
1305	3686	1
1305	3816	1
1305	3992	3
1305	4043	1
1305	4049	1
1305	4123	1
1309	1357	1
1309	1478	1
1309	1606	2
1309	1649	2
1309	1659	1
1309	1719	3
1309	1901	2
1309	1905	1
1309	2246	1
1309	2570	1
1309	2769	2
1309	2859	2
1309	3183	2
1309	3531	2
1309	3678	2
1309	3686	5
1309	3992	1
1309	4049	1
1309	4130	1
1309	4140	1
1314	1357	7
1314	1374	1
1314	1400	2
1314	1409	1
1314	1414	2
1314	1478	2
1314	1576	1
1314	1606	4
1314	1659	1
1314	1702	2
1314	1708	1
1314	1719	2
1314	1760	3
1314	1761	3
1314	1787	1
1314	1845	1
1314	1888	1
1314	1895	1
1314	1901	4
1314	1904	1
1314	2005	2
1314	2246	1
1314	2295	2
1314	2444	2
1314	2536	1
1314	2570	3
1314	2660	1
1314	2769	1
1314	2796	1
1314	2859	1
1314	2925	1
1314	3012	1
1314	3022	1
1314	3183	1
1314	3238	1
1314	3264	1
1314	3372	5
1314	3377	1
1314	3390	1
1314	3528	2
1314	3531	1
1314	3678	1
1314	3686	3
1314	3701	2
1314	3704	5
1314	3790	1
1314	3910	1
1314	3965	1
1314	3992	2
1314	4049	4
1320	1357	1
1320	1403	1
1320	1665	2
1320	1845	1
1320	2005	1
1320	2254	1
1320	2745	1
1320	3309	2
1320	3472	1
1320	3528	1
1320	3578	1
1320	3686	1
1320	3701	1
1320	3992	1
1320	4123	1
1324	1357	3
1324	1413	1
1324	1414	1
1324	1478	2
1324	1606	1
1324	1665	2
1324	1702	1
1324	1719	3
1324	1734	1
1324	1760	1
1324	1901	1
1324	1904	1
1324	1916	1
1324	2391	1
1324	2409	1
1324	2570	1
1324	2925	1
1324	2951	1
1324	3188	1
1324	3343	1
1324	3394	1
1324	3578	1
1324	3678	1
1324	3686	2
1324	3704	1
1324	3835	1
1324	3965	1
1324	3992	1
1324	4049	2
1357	1374	4
1357	1376	2
1357	1384	3
1357	1395	1
1357	1397	5
1357	1399	5
1357	1400	3
1357	1402	2
1357	1403	5
1357	1407	2
1357	1409	4
1357	1412	5
1357	1413	6
1357	1414	17
1357	1464	4
1357	1478	30
1357	1497	2
1357	1501	1
1357	1510	1
1357	1517	1
1357	1593	4
1357	1606	3
1357	1649	7
1357	1659	6
1357	1665	10
1357	1694	2
1357	1702	10
1357	1708	1
1357	1711	1
1357	1719	22
1357	1727	4
1357	1734	2
1357	1742	2
1357	1752	1
1357	1760	7
1357	1761	5
1357	1787	1
1357	1792	1
1357	1818	4
1357	1878	7
1357	1888	5
1357	1891	5
1357	1895	1
1357	1901	12
1357	1904	3
1357	1905	1
1357	1909	1
1357	1916	2
1357	2005	1
1357	2079	1
1357	2090	5
1357	2246	4
1357	2252	1
1357	2254	1
1357	2284	6
1357	2293	1
1357	2295	2
1357	2309	7
1357	2323	1
1357	2326	2
1357	2351	3
1357	2391	2
1357	2409	3
1357	2411	2
1357	2416	3
1357	2424	3
1357	2444	2
1357	2528	1
1357	2570	17
1357	2592	2
1357	2608	1
1357	2660	1
1357	2671	1
1357	2765	1
1357	2769	3
1357	2796	4
1357	2817	3
1357	2831	1
1357	2844	1
1357	2852	2
1357	2859	5
1357	2881	2
1357	2898	2
1357	2925	5
1357	2951	4
1357	2954	2
1357	2962	4
1357	2999	1
1357	3011	1
1357	3012	1
1357	3022	2
1357	3046	1
1357	3090	1
1357	3121	2
1357	3183	2
1357	3188	3
1357	3238	1
1357	3264	1
1357	3304	2
1357	3311	1
1357	3312	1
1357	3325	2
1357	3365	1
1357	3367	1
1357	3372	19
1357	3387	3
1357	3390	6
1357	3394	3
1357	3414	2
1357	3462	4
1357	3472	3
1357	3499	1
1357	3528	8
1357	3531	13
1357	3559	1
1357	3574	2
1357	3578	11
1357	3591	1
1357	3649	2
1357	3678	9
1357	3686	35
1357	3701	9
1357	3704	21
1357	3762	1
1357	3790	7
1357	3794	7
1357	3816	1
1357	3851	7
1357	3897	1
1357	3910	4
1357	3965	1
1357	3966	3
1357	3992	11
1357	4001	1
1357	4030	1
1357	4040	2
1357	4043	12
1357	4049	26
1357	4071	2
1357	4073	2
1357	4123	4
1357	4130	1
1357	4140	3
1374	1412	1
1374	1414	4
1374	1593	2
1374	1649	1
1374	1659	4
1374	1702	1
1374	1719	5
1374	1742	1
1374	1760	1
1374	1761	2
1374	1787	1
1374	1891	3
1374	1901	2
1374	1904	1
1374	1916	1
1374	2246	3
1374	2284	1
1374	2292	1
1374	2326	1
1374	2351	1
1374	2409	1
1374	2411	1
1374	2570	3
1374	2671	1
1374	2951	1
1374	2962	3
1374	3022	1
1374	3311	1
1374	3372	1
1374	3414	1
1374	3530	1
1374	3531	2
1374	3578	2
1374	3686	2
1374	3701	1
1374	3704	3
1374	3851	4
1374	3966	1
1374	4043	1
1374	4049	5
1376	1413	1
1376	1478	1
1376	1517	2
1376	1659	1
1376	1727	1
1376	1760	1
1376	1878	3
1376	1888	1
1376	1916	1
1376	2570	1
1376	3377	1
1376	3472	1
1376	3531	1
1376	3574	1
1376	3578	1
1376	3686	4
1376	3790	1
1376	3794	1
1376	3851	1
1376	3992	1
1376	4001	1
1376	4049	3
1376	4123	1
1379	1407	1
1379	1478	3
1379	1510	1
1379	1649	1
1379	1665	1
1379	2234	1
1379	2284	1
1379	2350	1
1379	2925	1
1379	3311	1
1379	3394	1
1379	3528	2
1379	3578	1
1379	3686	2
1379	3704	2
1379	4043	1
1379	4049	2
1384	1402	1
1384	1413	1
1384	1478	2
1384	1517	1
1384	1694	1
1384	1702	2
1384	1719	1
1384	1760	1
1384	1891	2
1384	2005	1
1384	2090	1
1384	2284	1
1384	2409	1
1384	2570	1
1384	3046	1
1384	3121	1
1384	3678	1
1384	3686	2
1384	3704	1
1384	3812	1
1384	3851	1
1384	3992	1
1395	1400	1
1395	1414	1
1395	1478	2
1395	1649	2
1395	1702	4
1395	1891	2
1395	1901	1
1395	2295	1
1395	2416	2
1395	2570	1
1395	2844	1
1395	2854	1
1395	2859	1
1395	3046	1
1395	3649	2
1395	3678	1
1395	3686	2
1395	3704	3
1395	4123	1
1397	1399	1
1397	1478	5
1397	1486	1
1397	1665	2
1397	1694	1
1397	1702	1
1397	1708	1
1397	1761	1
1397	1818	2
1397	1891	1
1397	1895	2
1397	1901	1
1397	2252	1
1397	2257	1
1397	2284	1
1397	2323	1
1397	2326	1
1397	2391	1
1397	2570	2
1397	2592	1
1397	2608	1
1397	2765	2
1397	2925	1
1397	2951	1
1397	3309	1
1397	3372	1
1397	3377	1
1397	3390	2
1397	3528	1
1397	3531	1
1397	3578	2
1397	3591	1
1397	3686	7
1397	3704	1
1397	3790	1
1397	3835	2
1397	3851	1
1397	3992	4
1397	4001	1
1397	4043	3
1397	4049	2
1399	1407	1
1399	1414	3
1399	1478	1
1399	1486	1
1399	1510	2
1399	1517	1
1399	1649	1
1399	1659	1
1399	1665	3
1399	1719	3
1399	1727	1
1399	1742	1
1399	1760	1
1399	1761	4
1399	1818	1
1399	1878	1
1399	2309	2
1399	2323	1
1399	2350	1
1399	2391	1
1399	2409	1
1399	2570	1
1399	2859	1
1399	2962	1
1399	3264	2
1399	3372	2
1399	3390	1
1399	3578	3
1399	3591	1
1399	3678	2
1399	3686	6
1399	3704	4
1399	3790	1
1399	3794	2
1399	3822	1
1399	3992	4
1399	4043	1
1399	4049	3
1399	4071	1
1399	4140	2
1400	1412	2
1400	1510	1
1400	1576	1
1400	1665	2
1400	1702	1
1400	1760	1
1400	1845	1
1400	1901	2
1400	2284	1
1400	2293	1
1400	2309	1
1400	2350	1
1400	2796	1
1400	3372	2
1400	3390	1
1400	3531	2
1400	3578	1
1400	3591	1
1400	3686	2
1400	3701	2
1400	3704	3
1400	3794	1
1400	3851	1
1400	3910	1
1400	3992	1
1400	4043	1
1400	4049	3
1402	1403	1
1402	1412	1
1402	1413	2
1402	1497	1
1402	1659	1
1402	1665	1
1402	1694	1
1402	1702	2
1402	1719	1
1402	1818	1
1402	1891	1
1402	2005	1
1402	2234	1
1402	2424	1
1402	3121	1
1402	3304	1
1402	3387	1
1402	3531	1
1402	3591	1
1402	3686	1
1402	3701	1
1402	3812	1
1402	3851	1
1402	4071	1
1403	1413	2
1403	1414	2
1403	1464	1
1403	1478	2
1403	1497	1
1403	1593	1
1403	1649	1
1403	1659	1
1403	1665	3
1403	1702	2
1403	1719	1
1403	1752	1
1403	1760	2
1403	1787	1
1403	1818	1
1403	1845	1
1403	1901	1
1403	1904	1
1403	1943	1
1403	2298	1
1403	2411	1
1403	2424	1
1403	2570	2
1403	2608	2
1403	2765	1
1403	2831	2
1403	2844	1
1403	2852	1
1403	2859	1
1403	2881	2
1403	3012	2
1403	3022	2
1403	3062	2
1403	3318	1
1403	3365	1
1403	3372	3
1403	3387	1
1403	3394	1
1403	3462	1
1403	3530	1
1403	3531	2
1403	3559	1
1403	3574	1
1403	3678	1
1403	3686	4
1403	3701	1
1403	3704	2
1403	3851	1
1403	3892	1
1403	4043	2
1403	4073	1
1403	4123	1
1407	1478	1
1407	1659	1
1407	1665	1
1407	1719	1
1407	2079	1
1407	2309	1
1407	2411	1
1407	2859	1
1407	2925	1
1407	3311	1
1407	3528	1
1407	3591	1
1407	3686	2
1407	4040	2
1407	4049	1
1409	1412	1
1409	1414	1
1409	1478	4
1409	1501	1
1409	1649	1
1409	1665	2
1409	1702	2
1409	1719	6
1409	1891	1
1409	1895	1
1409	1905	1
1409	2234	1
1409	2309	1
1409	2466	1
1409	2570	4
1409	2796	1
1409	2854	1
1409	2925	1
1409	2947	1
1409	3304	1
1409	3372	3
1409	3377	1
1409	3390	1
1409	3394	1
1409	3528	1
1409	3649	2
1409	3678	1
1409	3686	1
1409	3701	2
1409	3704	5
1409	3794	1
1409	3816	1
1409	3851	2
1409	3965	1
1409	3992	1
1409	4043	1
1409	4049	2
1409	4073	2
1412	1414	2
1412	1478	4
1412	1510	1
1412	1576	1
1412	1593	1
1412	1649	1
1412	1659	1
1412	1665	2
1412	1694	2
1412	1702	1
1412	1719	5
1412	1727	2
1412	1760	1
1412	1891	2
1412	1901	3
1412	2284	1
1412	2309	1
1412	2351	1
1412	2391	1
1412	2424	1
1412	2528	1
1412	2570	3
1412	2592	1
1412	2660	1
1412	2925	1
1412	2951	1
1412	2954	1
1412	3188	1
1412	3304	1
1412	3367	1
1412	3372	1
1412	3390	3
1412	3462	2
1412	3472	1
1412	3528	1
1412	3531	3
1412	3574	1
1412	3578	2
1412	3591	1
1412	3678	5
1412	3686	6
1412	3701	2
1412	3704	3
1412	3851	3
1412	3910	1
1412	3966	1
1412	3992	2
1412	4049	5
1412	4123	1
1413	1414	4
1413	1478	2
1413	1497	1
1413	1517	1
1413	1593	1
1413	1606	1
1413	1659	2
1413	1665	2
1413	1702	3
1413	1708	1
1413	1719	6
1413	1727	1
1413	1734	1
1413	1760	1
1413	1761	1
1413	1818	1
1413	1878	1
1413	1891	1
1413	1901	2
1413	1904	1
1413	2234	1
1413	2246	1
1413	2284	1
1413	2309	1
1413	2326	1
1413	2350	1
1413	2391	3
1413	2424	1
1413	2570	1
1413	2608	2
1413	2796	1
1413	2951	2
1413	2962	2
1413	3188	1
1413	3372	6
1413	3390	1
1413	3414	1
1413	3528	1
1413	3531	3
1413	3574	1
1413	3578	2
1413	3678	1
1413	3686	6
1413	3701	1
1413	3704	5
1413	3762	1
1413	3812	2
1413	3851	1
1413	3910	1
1413	3992	1
1413	4043	1
1413	4049	6
1414	1464	3
1414	1478	9
1414	1486	1
1414	1510	2
1414	1593	4
1414	1606	1
1414	1649	1
1414	1659	4
1414	1665	1
1414	1694	1
1414	1702	13
1414	1719	22
1414	1727	2
1414	1734	1
1414	1742	2
1414	1760	1
1414	1761	5
1414	1787	1
1414	1818	3
1414	1845	1
1414	1878	7
1414	1888	3
1414	1891	3
1414	1901	4
1414	1904	3
1414	1916	1
1414	2005	1
1414	2246	3
1414	2284	10
1414	2292	1
1414	2293	1
1414	2295	1
1414	2309	5
1414	2350	1
1414	2351	1
1414	2411	1
1414	2424	1
1414	2528	1
1414	2536	1
1414	2570	12
1414	2608	2
1414	2671	1
1414	2765	1
1414	2817	2
1414	2898	1
1414	2925	5
1414	2947	1
1414	2962	2
1414	2999	1
1414	3012	1
1414	3022	1
1414	3188	4
1414	3264	3
1414	3343	1
1414	3367	1
1414	3372	10
1414	3387	2
1414	3390	5
1414	3394	1
1414	3462	5
1414	3472	1
1414	3499	1
1414	3528	4
1414	3530	1
1414	3531	10
1414	3574	3
1414	3578	8
1414	3591	1
1414	3632	1
1414	3678	9
1414	3684	1
1414	3686	21
1414	3701	5
1414	3704	11
1414	3794	1
1414	3816	1
1414	3851	3
1414	3910	1
1414	3965	1
1414	3966	2
1414	3992	5
1414	4001	1
1414	4043	5
1414	4049	18
1414	4071	2
1464	1478	1
1464	1719	1
1464	1734	1
1464	1888	1
1464	1901	1
1464	2416	2
1464	2570	4
1464	2844	1
1464	2925	1
1464	2954	2
1464	3012	1
1464	3062	1
1464	3318	1
1464	3372	1
1464	3414	1
1464	3462	2
1464	3528	1
1464	3531	2
1464	3686	2
1464	3701	1
1464	3704	1
1464	3790	1
1464	3910	1
1464	3992	3
1464	4049	1
1478	1486	1
1478	1501	1
1478	1510	1
1478	1593	3
1478	1606	1
1478	1649	5
1478	1659	2
1478	1665	6
1478	1702	18
1478	1708	1
1478	1711	1
1478	1719	18
1478	1727	3
1478	1734	3
1478	1760	3
1478	1761	1
1478	1787	1
1478	1792	2
1478	1818	4
1478	1878	3
1478	1888	2
1478	1891	4
1478	1895	2
1478	1901	6
1478	1904	2
1478	1905	1
1478	1909	1
1478	1943	4
1478	2090	1
1478	2202	1
1478	2246	2
1478	2284	4
1478	2292	1
1478	2293	1
1478	2295	2
1478	2298	1
1478	2309	5
1478	2323	2
1478	2326	1
1478	2350	1
1478	2391	1
1478	2411	3
1478	2416	4
1478	2444	1
1478	2528	1
1478	2570	13
1478	2592	2
1478	2636	2
1478	2660	3
1478	2765	1
1478	2769	3
1478	2796	1
1478	2817	3
1478	2831	7
1478	2844	5
1478	2852	3
1478	2854	2
1478	2859	6
1478	2881	2
1478	2898	4
1478	2925	7
1478	2947	1
1478	2951	2
1478	2999	3
1478	3011	1
1478	3012	3
1478	3022	1
1478	3046	4
1478	3062	1
1478	3090	1
1478	3121	2
1478	3183	2
1478	3188	1
1478	3318	2
1478	3325	4
1478	3343	4
1478	3365	1
1478	3367	2
1478	3372	12
1478	3377	2
1478	3390	6
1478	3394	4
1478	3415	1
1478	3418	1
1478	3462	4
1478	3472	2
1478	3499	4
1478	3528	5
1478	3531	7
1478	3578	8
1478	3673	1
1478	3678	7
1478	3684	1
1478	3686	25
1478	3701	9
1478	3704	20
1478	3762	1
1478	3790	3
1478	3794	5
1478	3812	1
1478	3835	2
1478	3840	1
1478	3851	4
1478	3892	3
1478	3910	4
1478	3966	2
1478	3992	10
1478	4030	1
1478	4040	2
1478	4043	3
1478	4049	14
1478	4071	3
1478	4073	1
1478	4130	1
1478	4140	1
1486	1510	1
1486	1593	1
1486	1665	1
1486	1711	1
1486	1891	1
1486	1904	1
1486	1943	2
1486	2246	1
1486	2326	2
1486	2350	1
1486	2570	1
1486	2765	1
1486	3264	1
1486	3372	1
1486	3578	2
1486	3632	2
1486	3686	3
1486	3992	3
1497	1649	1
1497	1659	1
1497	1891	1
1497	2796	1
1497	2925	1
1497	2951	1
1497	2999	1
1497	3022	1
1497	3390	1
1497	3686	1
1497	3701	1
1497	3704	2
1497	4040	2
1501	1649	1
1501	2962	1
1501	3372	1
1501	3390	1
1501	3394	2
1501	3499	1
1501	3528	1
1501	3578	2
1501	3704	2
1501	3992	1
1501	4030	1
1510	1576	1
1510	1593	3
1510	1649	1
1510	1665	2
1510	1702	1
1510	1734	1
1510	1761	1
1510	1792	1
1510	1895	1
1510	1901	1
1510	2234	1
1510	2309	2
1510	2350	4
1510	2351	1
1510	2658	1
1510	2660	3
1510	2852	1
1510	2859	1
1510	2898	1
1510	3012	1
1510	3090	1
1510	3264	1
1510	3343	1
1510	3367	1
1510	3372	2
1510	3387	1
1510	3390	3
1510	3415	1
1510	3528	2
1510	3531	1
1510	3574	1
1510	3578	2
1510	3591	1
1510	3632	1
1510	3649	1
1510	3678	1
1510	3686	3
1510	3701	1
1510	3704	2
1510	3790	1
1510	3812	1
1510	3897	1
1510	3910	1
1510	3992	3
1510	4043	1
1510	4049	2
1510	4130	1
1517	1606	1
1517	1665	1
1517	1702	1
1517	1708	1
1517	1719	2
1517	1760	2
1517	1818	1
1517	1878	2
1517	1888	2
1517	1901	1
1517	2284	1
1517	2293	1
1517	2351	1
1517	2416	1
1517	2592	2
1517	2844	1
1517	2852	1
1517	2854	1
1517	2859	1
1517	2925	1
1517	2999	1
1517	3012	1
1517	3372	1
1517	3390	1
1517	3418	1
1517	3472	1
1517	3530	1
1517	3531	1
1517	3578	1
1517	3673	1
1517	3678	1
1517	3686	2
1517	3701	1
1517	3704	2
1517	3790	1
1517	3794	1
1517	3822	1
1517	3892	1
1517	3992	2
1517	4020	1
1517	4030	1
1517	4049	2
1519	1539	2
1519	2223	2
1519	2273	1
1519	2636	1
1519	2701	1
1519	2947	1
1519	2999	1
1519	3372	1
1519	3412	1
1519	3423	1
1519	3578	3
1519	3701	1
1519	3883	1
1519	4030	1
1519	4040	1
1519	4123	1
1539	2223	1
1539	2636	1
1539	2658	1
1539	2999	1
1539	3011	1
1539	3372	2
1539	3423	2
1539	3578	3
1539	3840	1
1539	4020	1
1539	4030	3
1576	1606	1
1576	1702	1
1576	1901	2
1576	1909	1
1576	1943	2
1576	2323	1
1576	2350	1
1576	2528	1
1576	2660	1
1576	2745	1
1576	2999	1
1576	3238	1
1576	3372	4
1576	3390	2
1576	3418	1
1576	3531	3
1576	3578	1
1576	3591	1
1576	3632	3
1576	3812	2
1576	3840	1
1576	3897	1
1576	3910	1
1576	3992	1
1576	4030	3
1576	4049	1
1593	1659	1
1593	1665	1
1593	1702	1
1593	1760	1
1593	1761	1
1593	1818	1
1593	1901	2
1593	2246	1
1593	2292	1
1593	2326	1
1593	2350	2
1593	2416	1
1593	2658	1
1593	2660	1
1593	2796	1
1593	3238	1
1593	3343	1
1593	3372	2
1593	3387	2
1593	3394	1
1593	3528	1
1593	3530	1
1593	3574	1
1593	3578	3
1593	3632	2
1593	3678	1
1593	3684	1
1593	3686	10
1593	3794	1
1593	3812	1
1593	3816	1
1593	3897	1
1593	3992	6
1593	4049	3
1606	1649	1
1606	1659	1
1606	1702	1
1606	1708	3
1606	1719	1
1606	1760	1
1606	1761	2
1606	1787	1
1606	1888	1
1606	1891	1
1606	1901	4
1606	1904	2
1606	1905	1
1606	1909	1
1606	2234	1
1606	2295	1
1606	2391	1
1606	2444	2
1606	2536	1
1606	2570	3
1606	2592	1
1606	2859	1
1606	2925	1
1606	2951	2
1606	2999	1
1606	3121	1
1606	3343	1
1606	3372	3
1606	3387	1
1606	3390	1
1606	3531	1
1606	3574	1
1606	3649	1
1606	3686	5
1606	3701	1
1606	3704	3
1606	3812	1
1606	3892	1
1606	3910	1
1606	3965	2
1606	3992	2
1606	4049	2
1649	1665	3
1649	1694	2
1649	1702	5
1649	1719	6
1649	1742	2
1649	1761	1
1649	1787	1
1649	1878	1
1649	1891	5
1649	1901	5
1649	1905	1
1649	2234	1
1649	2246	1
1649	2252	2
1649	2293	1
1649	2326	1
1649	2409	1
1649	2424	1
1649	2444	1
1649	2488	1
1649	2570	3
1649	2592	1
1649	2660	1
1649	2765	1
1649	2898	1
1649	2925	1
1649	2951	1
1649	2954	1
1649	3183	2
1649	3304	1
1649	3312	1
1649	3325	2
1649	3372	1
1649	3390	2
1649	3415	1
1649	3462	1
1649	3528	3
1649	3531	2
1649	3559	1
1649	3574	1
1649	3578	1
1649	3649	7
1649	3686	8
1649	3701	2
1649	3704	1
1649	3762	2
1649	3794	3
1649	3816	2
1649	3851	2
1649	3897	1
1649	3992	3
1649	4001	1
1649	4040	1
1649	4043	1
1649	4049	6
1649	4071	1
1649	4123	2
1649	4130	3
1649	4140	1
1659	1665	1
1659	1708	1
1659	1711	1
1659	1719	3
1659	1742	1
1659	1760	2
1659	1761	2
1659	1792	1
1659	1818	1
1659	1878	3
1659	1891	1
1659	1904	2
1659	1916	1
1659	2005	1
1659	2246	3
1659	2252	1
1659	2254	1
1659	2273	1
1659	2284	1
1659	2292	1
1659	2302	2
1659	2309	3
1659	2409	1
1659	2536	1
1659	2570	5
1659	2796	1
1659	2844	1
1659	2859	1
1659	2925	1
1659	3022	1
1659	3188	1
1659	3309	2
1659	3312	1
1659	3318	1
1659	3372	1
1659	3377	1
1659	3387	1
1659	3390	1
1659	3462	1
1659	3472	2
1659	3528	2
1659	3530	1
1659	3531	2
1659	3578	4
1659	3591	1
1659	3686	3
1659	3701	4
1659	3704	3
1659	3992	3
1659	4043	1
1659	4049	5
1659	4071	1
1659	4073	1
1659	4130	1
1665	1702	4
1665	1708	1
1665	1719	4
1665	1734	1
1665	1742	1
1665	1760	2
1665	1818	2
1665	1845	1
1665	1878	1
1665	1891	1
1665	1895	1
1665	1904	2
1665	1909	1
1665	1930	1
1665	2005	1
1665	2070	2
1665	2079	3
1665	2252	3
1665	2254	2
1665	2257	1
1665	2273	2
1665	2284	1
1665	2296	1
1665	2302	1
1665	2309	1
1665	2323	1
1665	2350	2
1665	2351	1
1665	2391	3
1665	2409	1
1665	2416	1
1665	2444	2
1665	2488	3
1665	2570	3
1665	2592	1
1665	2671	1
1665	2765	4
1665	2796	3
1665	2852	1
1665	2854	1
1665	2859	1
1665	2881	1
1665	2925	1
1665	2947	1
1665	2951	1
1665	3011	1
1665	3012	1
1665	3188	2
1665	3238	1
1665	3264	2
1665	3304	2
1665	3309	1
1665	3311	1
1665	3312	1
1665	3372	1
1665	3390	2
1665	3394	1
1665	3414	1
1665	3423	2
1665	3472	2
1665	3528	3
1665	3531	5
1665	3559	3
1665	3574	1
1665	3578	9
1665	3632	1
1665	3678	5
1665	3686	9
1665	3701	4
1665	3704	6
1665	3794	1
1665	3822	1
1665	3851	2
1665	3992	5
1665	4001	1
1665	4040	1
1665	4043	1
1665	4049	7
1665	4071	1
1665	4123	6
1694	1702	2
1694	1719	2
1694	1727	1
1694	1761	2
1694	1878	2
1694	1891	1
1694	2284	1
1694	2409	1
1694	2424	1
1694	2570	1
1694	2951	1
1694	2954	1
1694	3390	1
1694	3678	1
1694	3686	1
1694	3762	2
1694	3851	1
1694	3992	2
1694	4043	1
1694	4049	1
1694	4130	1
1694	4140	1
1702	1719	7
1702	1727	2
1702	1734	3
1702	1752	1
1702	1761	3
1702	1818	1
1702	1845	2
1702	1878	1
1702	1891	9
1702	1901	2
1702	1904	3
1702	1905	1
1702	1916	1
1702	1930	1
1702	1943	3
1702	2090	1
1702	2246	2
1702	2284	3
1702	2293	1
1702	2295	2
1702	2298	2
1702	2309	1
1702	2323	2
1702	2351	2
1702	2391	2
1702	2409	1
1702	2416	3
1702	2424	1
1702	2528	1
1702	2570	6
1702	2592	2
1702	2608	1
1702	2658	2
1702	2660	1
1702	2769	1
1702	2796	1
1702	2844	1
1702	2852	1
1702	2854	1
1702	2859	2
1702	2881	2
1702	2898	2
1702	2925	5
1702	2947	1
1702	2951	1
1702	2962	1
1702	2999	1
1702	3012	2
1702	3022	1
1702	3046	1
1702	3062	1
1702	3183	2
1702	3188	1
1702	3304	1
1702	3325	1
1702	3343	1
1702	3365	1
1702	3372	12
1702	3387	1
1702	3390	8
1702	3394	1
1702	3415	2
1702	3462	4
1702	3472	2
1702	3528	6
1702	3531	4
1702	3578	6
1702	3591	2
1702	3632	3
1702	3649	5
1702	3678	6
1702	3684	1
1702	3686	9
1702	3701	3
1702	3704	6
1702	3762	1
1702	3790	1
1702	3794	1
1702	3816	2
1702	3851	6
1702	3897	1
1702	3910	1
1702	3992	8
1702	4043	4
1702	4049	13
1702	4071	1
1702	4123	2
1708	1760	1
1708	1818	1
1708	1888	1
1708	1901	3
1708	2070	1
1708	2254	1
1708	2273	1
1708	2444	1
1708	2570	1
1708	2592	1
1708	3121	1
1708	3372	1
1708	3387	1
1708	3530	1
1708	3578	1
1708	3686	1
1708	3704	1
1708	3835	1
1708	3992	2
1708	4123	1
1711	1878	1
1711	1904	1
1711	1943	1
1711	2223	1
1711	2246	1
1711	2296	1
1711	2570	1
1711	3311	1
1711	3312	1
1711	3372	1
1711	3472	1
1711	3684	1
1711	3686	1
1711	3704	1
1711	3794	1
1711	3992	1
1711	4049	1
1719	1727	2
1719	1734	1
1719	1752	1
1719	1760	3
1719	1761	3
1719	1787	2
1719	1818	1
1719	1845	2
1719	1878	3
1719	1888	1
1719	1891	6
1719	1895	1
1719	1901	11
1719	1904	3
1719	1905	1
1719	1909	1
1719	1916	1
1719	1943	1
1719	2202	1
1719	2246	1
1719	2284	8
1719	2293	1
1719	2295	2
1719	2309	5
1719	2326	1
1719	2351	1
1719	2391	1
1719	2411	2
1719	2424	1
1719	2444	1
1719	2466	1
1719	2570	9
1719	2592	1
1719	2660	1
1719	2769	1
1719	2796	2
1719	2817	2
1719	2854	1
1719	2859	1
1719	2881	1
1719	2898	2
1719	2925	7
1719	2947	1
1719	2951	2
1719	2954	1
1719	2962	3
1719	2999	1
1719	3012	1
1719	3022	1
1719	3183	1
1719	3188	3
1719	3264	1
1719	3304	1
1719	3343	1
1719	3367	1
1719	3372	10
1719	3387	3
1719	3390	8
1719	3394	1
1719	3414	1
1719	3462	2
1719	3499	1
1719	3528	7
1719	3531	8
1719	3574	5
1719	3578	5
1719	3632	1
1719	3678	8
1719	3686	19
1719	3701	4
1719	3704	19
1719	3762	3
1719	3790	1
1719	3794	6
1719	3812	1
1719	3822	3
1719	3835	1
1719	3851	11
1719	3910	1
1719	3965	4
1719	3992	4
1719	4020	1
1719	4040	1
1719	4043	5
1719	4049	21
1719	4071	2
1719	4073	1
1719	4130	1
1719	4140	2
1727	1734	1
1727	1761	1
1727	1845	1
1727	1878	2
1727	1891	1
1727	1901	1
1727	1909	1
1727	1943	2
1727	2202	1
1727	2284	1
1727	2309	1
1727	2424	1
1727	2636	1
1727	2660	1
1727	2925	1
1727	3343	2
1727	3372	2
1727	3390	2
1727	3394	1
1727	3531	1
1727	3574	1
1727	3578	1
1727	3649	1
1727	3678	2
1727	3686	4
1727	3701	3
1727	3851	2
1727	3910	1
1727	3992	2
1727	4049	2
1727	4130	1
1734	1818	1
1734	1943	1
1734	2351	1
1734	2391	1
1734	2528	1
1734	2570	2
1734	2658	2
1734	2765	1
1734	2954	1
1734	3046	1
1734	3188	2
1734	3343	1
1734	3372	3
1734	3390	1
1734	3394	1
1734	3415	2
1734	3418	3
1734	3462	1
1734	3528	2
1734	3531	1
1734	3578	1
1734	3673	1
1734	3678	1
1734	3686	2
1734	3690	1
1734	3704	1
1734	3790	1
1734	3835	2
1734	3840	1
1734	3992	2
1734	4030	2
1734	4049	3
1742	1878	2
1742	1904	1
1742	2284	2
1742	2409	2
1742	2528	1
1742	2592	1
1742	2671	1
1742	2765	1
1742	3188	1
1742	3372	1
1742	3387	1
1742	3530	1
1742	3686	1
1742	3704	1
1742	3851	1
1752	1904	2
1752	2234	1
1752	2881	2
1752	3022	1
1752	3062	1
1752	3365	1
1752	3528	1
1752	3686	2
1752	3790	1
1752	3794	1
1752	3851	1
1752	3883	1
1752	4043	1
1752	4049	1
1752	4123	1
1760	1818	1
1760	1845	1
1760	1878	2
1760	1888	2
1760	1891	1
1760	1901	2
1760	1904	1
1760	2284	2
1760	2409	1
1760	2416	1
1760	2444	1
1760	2570	3
1760	2881	1
1760	2962	1
1760	3022	2
1760	3188	1
1760	3372	2
1760	3472	1
1760	3531	2
1760	3678	2
1760	3686	4
1760	3701	1
1760	3704	5
1760	3790	3
1760	3794	3
1760	3812	1
1760	3966	3
1760	3992	4
1760	4043	1
1760	4049	5
1760	4071	1
1760	4123	1
1761	1787	2
1761	1845	1
1761	1878	1
1761	1888	2
1761	1904	2
1761	1916	1
1761	2246	1
1761	2284	2
1761	2309	2
1761	2323	1
1761	2350	1
1761	2351	1
1761	2391	1
1761	2424	2
1761	2444	1
1761	2536	1
1761	2570	4
1761	2660	1
1761	2925	1
1761	3264	1
1761	3325	1
1761	3372	2
1761	3387	1
1761	3462	1
1761	3472	1
1761	3574	2
1761	3578	3
1761	3632	1
1761	3678	2
1761	3686	6
1761	3704	2
1761	3762	1
1761	3794	2
1761	3851	3
1761	3897	1
1761	3966	1
1761	3992	5
1761	4043	1
1761	4049	2
1761	4071	1
1761	4123	1
1761	4140	1
1787	2411	1
1787	2424	1
1787	2444	1
1787	2536	1
1787	2570	1
1787	2881	1
1787	3325	1
1787	3794	2
1787	3851	1
1787	4043	1
1787	4049	1
1787	4073	1
1787	4123	1
1792	1878	1
1792	1895	1
1792	2796	1
1792	3062	1
1792	3090	1
1792	3238	1
1792	3390	1
1792	3499	1
1792	3578	1
1792	3678	2
1792	3684	1
1792	3704	2
1792	3910	2
1792	3992	1
1792	4040	1
1818	1901	1
1818	2254	1
1818	2309	2
1818	2411	1
1818	2424	1
1818	2528	1
1818	2570	1
1818	2592	1
1818	2608	1
1818	2796	1
1818	2951	1
1818	2962	2
1818	2999	1
1818	3372	1
1818	3387	1
1818	3390	1
1818	3394	1
1818	3472	1
1818	3499	1
1818	3530	1
1818	3531	2
1818	3578	2
1818	3591	1
1818	3678	1
1818	3686	4
1818	3701	1
1818	3704	3
1818	3835	3
1818	3910	1
1818	3992	1
1818	4049	1
1818	4071	3
1845	1888	1
1845	1909	1
1845	2202	1
1845	2293	1
1845	2570	1
1845	2660	1
1845	2745	1
1845	3022	1
1845	3390	1
1845	3462	1
1845	3528	1
1845	3531	3
1845	3578	1
1845	3678	1
1845	3686	2
1845	3701	2
1845	3704	1
1845	3812	2
1845	3910	1
1845	3992	1
1845	4043	1
1845	4049	3
1878	1888	2
1878	1904	1
1878	2257	1
1878	2284	4
1878	2424	1
1878	2528	1
1878	2671	1
1878	2765	1
1878	2925	1
1878	3188	3
1878	3312	1
1878	3372	2
1878	3390	1
1878	3394	1
1878	3472	1
1878	3528	1
1878	3531	1
1878	3574	1
1878	3678	6
1878	3686	5
1878	3701	1
1878	3790	3
1878	3794	2
1878	3851	3
1878	3966	1
1878	3992	2
1878	4049	8
1878	4071	1
1888	1901	1
1888	1905	1
1888	2293	1
1888	2466	1
1888	2570	3
1888	2592	1
1888	2999	1
1888	3372	1
1888	3390	1
1888	3462	1
1888	3528	2
1888	3531	3
1888	3578	2
1888	3686	2
1888	3701	3
1888	3704	2
1888	3790	2
1888	3794	1
1888	3812	1
1888	3916	1
1888	3966	4
1888	3992	2
1888	4049	3
1891	1901	4
1891	1904	1
1891	1916	1
1891	2234	1
1891	2246	2
1891	2284	2
1891	2293	1
1891	2323	1
1891	2326	1
1891	2409	1
1891	2466	1
1891	2570	7
1891	2592	1
1891	2608	2
1891	2765	1
1891	2898	1
1891	2951	2
1891	2962	2
1891	2999	1
1891	3022	1
1891	3304	1
1891	3311	1
1891	3343	2
1891	3372	2
1891	3462	1
1891	3472	2
1891	3591	1
1891	3632	1
1891	3649	7
1891	3678	2
1891	3686	2
1891	3701	1
1891	3704	7
1891	3816	1
1891	3851	6
1891	3897	1
1891	3992	2
1891	4049	6
1891	4123	1
1891	4130	1
1891	4140	1
1895	2570	1
1895	2765	1
1895	3090	2
1895	3372	1
1895	3390	1
1895	3531	1
1895	3678	1
1895	3686	2
1895	3704	1
1895	3910	1
1895	3965	1
1895	4049	1
1901	1905	1
1901	1943	1
1901	2246	3
1901	2292	1
1901	2293	1
1901	2295	1
1901	2326	2
1901	2444	1
1901	2466	1
1901	2570	4
1901	2592	2
1901	2608	1
1901	2636	1
1901	2660	1
1901	2769	1
1901	2817	1
1901	2898	1
1901	2925	1
1901	2962	3
1901	3183	1
1901	3188	1
1901	3264	1
1901	3304	1
1901	3372	7
1901	3387	1
1901	3390	1
1901	3414	1
1901	3423	1
1901	3528	1
1901	3530	1
1901	3531	5
1901	3574	1
1901	3578	3
1901	3591	1
1901	3632	1
1901	3649	1
1901	3678	3
1901	3684	1
1901	3686	7
1901	3704	9
1901	3762	2
1901	3794	1
1901	3816	1
1901	3822	1
1901	3835	1
1901	3851	5
1901	3897	1
1901	3965	1
1901	3992	3
1901	4049	10
1901	4123	1
1901	4130	1
1901	4140	2
1904	1943	1
1904	2234	1
1904	2246	2
1904	2284	2
1904	2309	1
1904	2391	1
1904	2411	1
1904	2528	1
1904	2570	2
1904	2608	1
1904	2671	1
1904	2925	1
1904	2947	1
1904	3188	1
1904	3372	2
1904	3528	4
1904	3531	1
1904	3559	1
1904	3574	1
1904	3591	1
1904	3678	1
1904	3686	6
1904	3701	1
1904	3704	2
1904	3790	1
1904	3794	1
1904	3851	1
1904	3965	1
1904	3966	2
1904	3992	1
1904	4043	1
1904	4049	7
1905	2246	1
1905	2293	1
1905	2391	1
1905	2466	1
1905	3304	1
1905	3372	1
1905	3528	2
1905	3578	1
1905	3678	1
1905	3686	2
1905	3701	1
1905	3966	1
1909	2202	1
1909	2350	1
1909	2570	1
1909	2660	2
1909	2765	1
1909	2925	2
1909	3372	1
1909	3390	1
1909	3632	2
1909	3686	1
1909	3701	1
1909	3704	1
1909	3816	1
1909	3822	1
1909	4049	1
1909	4123	1
1916	2246	1
1916	2570	1
1916	2962	1
1916	3394	1
1916	3472	1
1916	3686	1
1916	3704	1
1916	3992	2
1916	4049	1
1930	2302	1
1930	3188	1
1930	3264	1
1930	3372	1
1930	3390	1
1930	3531	2
1930	3686	2
1930	3992	1
1930	4049	1
1943	2223	1
1943	2246	1
1943	2298	2
1943	2528	1
1943	2570	1
1943	2592	1
1943	2636	3
1943	2831	1
1943	2854	1
1943	3046	1
1943	3343	3
1943	3372	6
1943	3387	1
1943	3390	2
1943	3414	1
1943	3423	2
1943	3462	2
1943	3472	2
1943	3528	3
1943	3531	1
1943	3578	1
1943	3632	4
1943	3686	5
1943	3701	1
1943	3704	1
1943	3812	2
1943	3840	1
1943	3892	1
1943	3897	1
1943	3910	1
1943	3992	1
1943	4049	1
2005	2254	2
2005	2273	1
2005	3022	1
2005	3121	1
2005	3238	1
2005	3377	1
2005	3686	1
2005	3701	1
2005	3704	1
2005	3812	1
2005	3851	1
2005	4043	1
2005	4049	1
2008	2701	1
2008	2999	1
2008	3090	1
2008	3372	1
2008	3629	2
2008	3686	1
2008	3690	1
2008	3704	1
2008	3992	1
2008	4049	2
2070	2254	1
2070	2273	1
2070	2444	1
2070	2570	2
2070	2636	1
2070	3578	3
2070	3678	1
2070	4123	2
2079	2254	1
2079	2295	1
2079	2296	2
2079	2409	1
2079	2817	1
2079	2999	1
2079	3090	1
2079	3309	1
2079	3312	1
2079	3318	1
2079	3372	1
2079	3686	6
2079	3790	1
2079	4030	1
2079	4040	1
2090	2424	2
2090	2570	2
2090	2951	1
2090	3046	1
2090	3121	1
2090	3183	1
2090	3372	3
2090	3531	1
2090	3559	1
2090	3578	1
2090	3686	2
2090	4049	2
2202	2302	1
2202	2660	1
2202	2701	1
2202	2925	1
2202	3365	1
2202	3692	1
2202	3701	1
2202	3704	1
2202	3916	1
2202	4030	1
2202	4140	1
2223	2999	1
2223	3472	1
2223	3578	1
2223	3684	1
2223	3686	1
2223	4040	1
2234	2350	1
2234	2391	1
2234	2570	1
2234	2951	1
2234	3372	1
2234	3387	1
2234	3531	1
2234	3649	1
2234	3704	1
2234	3812	1
2234	3851	1
2234	4049	1
2246	2284	1
2246	2309	1
2246	2570	1
2246	2608	1
2246	2769	1
2246	2831	1
2246	2854	1
2246	2859	1
2246	2925	1
2246	2962	2
2246	3365	1
2246	3372	2
2246	3390	1
2246	3531	1
2246	3684	1
2246	3686	5
2246	3704	2
2246	3992	1
2246	4049	2
2246	4140	1
2252	2254	1
2252	2671	1
2252	3309	1
2252	3472	1
2252	3578	3
2252	3686	1
2252	3992	1
2252	4049	1
2254	2257	1
2254	2273	2
2254	2409	1
2254	2745	1
2254	3090	1
2254	3309	2
2254	3472	2
2254	3528	1
2254	3578	2
2254	3686	1
2254	3701	1
2254	3992	1
2254	4123	1
2257	2745	1
2257	3472	1
2257	3528	1
2257	3678	1
2257	3686	4
2257	3992	3
2273	2765	1
2273	2999	1
2273	3121	1
2273	3578	2
2273	3790	1
2273	3822	1
2273	4049	1
2273	4123	2
2284	2309	2
2284	2323	1
2284	2424	1
2284	2528	1
2284	2570	3
2284	2671	1
2284	2765	1
2284	2817	1
2284	2925	2
2284	2951	1
2284	2999	1
2284	3022	1
2284	3046	1
2284	3188	2
2284	3372	3
2284	3390	2
2284	3528	2
2284	3531	1
2284	3678	3
2284	3701	1
2284	3704	9
2284	3851	4
2284	4043	1
2284	4049	4
2292	2298	1
2292	2466	1
2292	2660	1
2292	2831	1
2292	2854	1
2292	2859	1
2292	3530	1
2292	3578	2
2292	3686	1
2292	3701	1
2292	3851	1
2292	3892	1
2292	3992	1
2292	4049	1
2293	2309	1
2293	2466	1
2293	2570	1
2293	2844	1
2293	2854	1
2293	3312	1
2293	3462	1
2293	3528	1
2293	3531	1
2293	3701	5
2293	3704	1
2293	3851	1
2293	3892	1
2293	3966	1
2293	3992	1
2293	4043	2
2293	4140	1
2295	2416	1
2295	2831	2
2295	2844	2
2295	2852	1
2295	2854	1
2295	2859	1
2295	2925	1
2295	3012	2
2295	3367	1
2295	3372	2
2295	3390	1
2295	3528	1
2295	3578	1
2295	3678	1
2295	3686	1
2295	3701	1
2295	3704	7
2295	3790	1
2295	3822	1
2295	4030	1
2295	4123	1
2296	3311	2
2296	3312	1
2296	3318	1
2296	3367	1
2296	3684	1
2296	3686	2
2296	3701	1
2298	2592	1
2298	2765	1
2298	2831	1
2298	2854	1
2298	2859	1
2298	3387	1
2298	3390	1
2298	3462	1
2298	3472	1
2298	3528	2
2298	3578	1
2298	3632	1
2298	3686	4
2298	3701	1
2298	3851	1
2298	3892	1
2298	4043	1
2302	3022	1
2302	3188	1
2302	3264	1
2302	3528	1
2302	3531	1
2302	3686	1
2302	3704	1
2302	4140	1
2309	2350	1
2309	2411	2
2309	2536	1
2309	2570	1
2309	2608	1
2309	2660	1
2309	2817	1
2309	2852	1
2309	2859	1
2309	2898	1
2309	2925	1
2309	2999	1
2309	3012	1
2309	3188	1
2309	3264	1
2309	3372	3
2309	3390	3
2309	3499	1
2309	3528	1
2309	3531	4
2309	3578	2
2309	3686	5
2309	3701	2
2309	3704	5
2309	3851	1
2309	3910	1
2309	3992	1
2309	4040	1
2309	4043	1
2309	4049	3
2309	4071	1
2309	4130	1
2323	2391	1
2323	2536	1
2323	2570	1
2323	2999	2
2323	3090	1
2323	3238	1
2323	3372	1
2323	3418	1
2323	3446	1
2323	3632	1
2323	3701	1
2323	3916	1
2323	3992	2
2323	4030	1
2323	4043	1
2326	2570	1
2326	2765	1
2326	2898	1
2326	3372	1
2326	3414	1
2326	3578	1
2326	3632	1
2326	3686	2
2326	3704	1
2326	3992	2
2350	2660	3
2350	3264	1
2350	3372	1
2350	3390	1
2350	3531	1
2350	3578	1
2350	3632	2
2350	3686	3
2350	3812	1
2350	3897	1
2350	3992	2
2350	4049	2
2351	2416	1
2351	2570	1
2351	2658	1
2351	2852	1
2351	2859	2
2351	2925	2
2351	2951	1
2351	2962	1
2351	3012	1
2351	3415	1
2351	3574	1
2351	3578	1
2351	3678	2
2351	3790	1
2351	3966	1
2351	4001	1
2351	4049	2
2391	2570	2
2391	2592	1
2391	2951	1
2391	3188	1
2391	3372	2
2391	3528	2
2391	3531	1
2391	3578	2
2391	3678	2
2391	3704	1
2391	3812	1
2391	3992	1
2391	4043	1
2391	4049	3
2391	4123	1
2409	3090	1
2409	3309	1
2409	3528	1
2409	3578	1
2409	3686	1
2409	3704	1
2409	3992	3
2411	3499	1
2411	3559	1
2411	3686	2
2411	3704	2
2411	3851	1
2411	4040	1
2411	4049	2
2411	4071	1
2416	2831	1
2416	2844	3
2416	2852	1
2416	2854	1
2416	2859	2
2416	2881	1
2416	2925	2
2416	3012	3
2416	3062	1
2416	3318	1
2416	3325	1
2416	3678	2
2416	3686	1
2416	3701	2
2416	3704	2
2416	3790	1
2416	3892	1
2416	3992	1
2416	4049	2
2416	4123	1
2424	2536	1
2424	2570	2
2424	3121	1
2424	3304	1
2424	3325	1
2424	3372	2
2424	3390	1
2424	3530	1
2424	3531	1
2424	3591	1
2424	3678	1
2424	3686	1
2424	3794	1
2424	3851	1
2424	4071	1
2424	4123	1
2444	2488	1
2444	2570	2
2444	2881	1
2444	3011	1
2444	3372	1
2444	3387	1
2444	3423	1
2444	3531	1
2444	3686	3
2444	3794	2
2444	3816	1
2444	3992	2
2444	4043	1
2444	4071	1
2466	2570	1
2466	3304	1
2466	3531	1
2466	3578	1
2466	3678	1
2466	3701	1
2466	3704	2
2466	3812	1
2466	3851	1
2466	3992	1
2466	4140	1
2488	2765	2
2488	3414	1
2488	3559	3
2488	3686	1
2488	3816	1
2488	4123	2
2528	2570	1
2528	2671	1
2528	3188	1
2528	3372	1
2528	3390	2
2528	3531	1
2528	3632	1
2528	3686	2
2528	3835	1
2528	3992	2
2536	2570	1
2536	3090	1
2570	2592	1
2570	2608	2
2570	2660	1
2570	2765	1
2570	2859	1
2570	2925	1
2570	2951	1
2570	2954	1
2570	2962	2
2570	3022	2
2570	3046	3
2570	3121	1
2570	3188	2
2570	3372	9
2570	3377	2
2570	3414	1
2570	3462	4
2570	3528	3
2570	3531	6
2570	3574	1
2570	3578	5
2570	3591	1
2570	3632	1
2570	3649	1
2570	3678	4
2570	3686	7
2570	3701	5
2570	3704	13
2570	3762	2
2570	3794	1
2570	3851	2
2570	3910	1
2570	3965	2
2570	3966	2
2570	3992	7
2570	4043	3
2570	4049	9
2570	4073	1
2570	4130	2
2570	4140	2
2592	2898	1
2592	3121	1
2592	3372	1
2592	3387	1
2592	3390	3
2592	3394	1
2592	3462	3
2592	3472	3
2592	3528	1
2592	3530	1
2592	3632	2
2592	3678	1
2592	3686	1
2592	3704	1
2592	3851	2
2592	3992	1
2592	4043	1
2592	4049	2
2592	4123	1
2608	2962	1
2608	3372	2
2608	3377	1
2608	3390	1
2608	3531	1
2608	3591	2
2608	3686	3
2608	3704	2
2608	3910	1
2608	4001	1
2636	2701	1
2636	2999	1
2636	3238	1
2636	3372	2
2636	3412	2
2636	3423	2
2636	3578	3
2636	3690	1
2636	3692	1
2636	3762	1
2636	3840	1
2636	3883	1
2636	3916	1
2636	3992	1
2636	4030	2
2658	2881	1
2658	3011	1
2658	3372	1
2658	3415	1
2658	3423	1
2658	3528	2
2658	3686	2
2658	3790	1
2658	3992	3
2658	4030	1
2658	4049	1
2660	2769	1
2660	3183	1
2660	3372	1
2660	3390	1
2660	3528	1
2660	3531	1
2660	3574	1
2660	3578	1
2660	3632	2
2660	3649	1
2660	3678	2
2660	3686	3
2660	3762	1
2660	3897	1
2660	3992	2
2660	4030	1
2660	4049	3
2660	4130	1
2671	3011	1
2671	3062	1
2671	3188	1
2671	3372	1
2671	3414	1
2671	3531	2
2671	3578	1
2671	3678	1
2671	3992	1
2671	4043	1
2701	3090	2
2701	3412	2
2701	3578	1
2701	3629	1
2701	3690	1
2701	3692	2
2701	3916	1
2701	3992	1
2701	4030	2
2701	4049	1
2745	3121	1
2745	3372	1
2745	3418	1
2745	3423	1
2745	3472	1
2745	3528	2
2745	3686	1
2745	3840	1
2745	3992	2
2745	4030	1
2765	2954	2
2765	2999	1
2765	3121	1
2765	3415	2
2765	3472	2
2765	3531	1
2765	3559	2
2765	3632	1
2765	3686	3
2765	3704	2
2765	3816	1
2765	3822	1
2765	3835	2
2765	3851	1
2765	3897	1
2765	3992	2
2765	4123	1
2769	2859	4
2769	2925	1
2769	3183	1
2769	3325	2
2769	3578	1
2769	3678	2
2769	3686	2
2769	3704	1
2769	3851	1
2769	4049	3
2769	4140	2
2796	3325	1
2796	3372	2
2796	3528	1
2796	3649	1
2796	3678	1
2796	3686	1
2796	3701	1
2796	3704	2
2796	3762	1
2796	3794	1
2796	3851	2
2796	3965	1
2796	3992	1
2796	4049	1
2796	4071	1
2817	2999	2
2817	3387	1
2817	3423	1
2817	3472	1
2817	3578	1
2817	3678	1
2817	3686	2
2817	3794	1
2817	3816	1
2817	4049	2
2831	2844	3
2831	2852	2
2831	2854	3
2831	2859	3
2831	2881	1
2831	2925	1
2831	3012	3
2831	3062	1
2831	3121	1
2831	3318	1
2831	3325	1
2831	3365	1
2831	3367	2
2831	3372	3
2831	3578	2
2831	3686	1
2831	3701	4
2831	3704	2
2831	3790	1
2831	3851	1
2831	3892	3
2831	3992	1
2831	4049	1
2844	2852	4
2844	2854	3
2844	2859	3
2844	2925	1
2844	3012	3
2844	3062	1
2844	3318	4
2844	3365	1
2844	3367	1
2844	3372	1
2844	3528	2
2844	3678	1
2844	3686	2
2844	3701	3
2844	3704	3
2844	3883	1
2844	3892	2
2844	3992	1
2844	4049	5
2844	4123	1
2852	2859	2
2852	2898	1
2852	2925	1
2852	3012	4
2852	3318	1
2852	3365	1
2852	3367	1
2852	3372	1
2852	3528	3
2852	3678	1
2852	3686	1
2852	3704	1
2852	3892	1
2852	4049	1
2854	2859	4
2854	3343	1
2854	3365	1
2854	3390	1
2854	3578	2
2854	3678	1
2854	3701	3
2854	3704	2
2854	3794	1
2854	3851	1
2854	3883	1
2854	3892	4
2854	3992	2
2854	4123	1
2859	2898	1
2859	2925	4
2859	3012	3
2859	3046	1
2859	3062	1
2859	3121	1
2859	3311	1
2859	3318	1
2859	3325	2
2859	3343	1
2859	3365	1
2859	3367	1
2859	3372	3
2859	3528	1
2859	3578	2
2859	3591	1
2859	3678	2
2859	3686	3
2859	3701	3
2859	3704	4
2859	3851	2
2859	3883	1
2859	3892	2
2859	3992	1
2859	4001	1
2859	4049	2
2859	4123	1
2859	4140	1
2881	3022	1
2881	3062	1
2881	3325	1
2881	3365	1
2881	3686	2
2881	3701	1
2881	3790	1
2881	3794	1
2881	3851	1
2881	4043	1
2881	4123	2
2898	3012	1
2898	3372	2
2898	3390	1
2898	3394	1
2898	3462	1
2898	3528	1
2898	3686	2
2898	4043	1
2925	3012	2
2925	3311	1
2925	3318	1
2925	3325	1
2925	3343	1
2925	3372	4
2925	3390	4
2925	3394	1
2925	3528	2
2925	3531	3
2925	3574	1
2925	3578	3
2925	3632	1
2925	3678	2
2925	3686	4
2925	3701	2
2925	3704	3
2925	3822	1
2925	3851	2
2925	3965	1
2925	3992	1
2925	4001	1
2925	4040	1
2925	4049	4
2947	3372	1
2947	3412	1
2947	3528	1
2947	3591	1
2947	3704	1
2947	3916	1
2947	3992	1
2947	4030	1
2947	4049	1
2951	2962	2
2951	2999	2
2951	3022	1
2951	3183	1
2951	3343	1
2951	3367	1
2951	3372	2
2951	3462	1
2951	3528	1
2951	3531	4
2951	3559	1
2951	3578	1
2951	3591	1
2951	3649	1
2951	3686	6
2951	3701	1
2951	3704	4
2951	3762	1
2951	3812	1
2951	3992	1
2951	4049	3
2951	4130	1
2951	4140	1
2954	3372	1
2954	3390	1
2954	3414	1
2954	3415	2
2954	3686	1
2954	3701	2
2954	3704	2
2954	3790	1
2954	3812	1
2954	3835	2
2954	3897	1
2954	3992	1
2962	3372	2
2962	3499	1
2962	3578	1
2962	3678	1
2962	3686	1
2962	3704	3
2962	3851	1
2962	4030	1
2962	4049	2
2999	3046	1
2999	3090	1
2999	3343	1
2999	3372	1
2999	3418	1
2999	3446	4
2999	3531	1
2999	3578	3
2999	3629	1
2999	3649	1
2999	3686	1
2999	3704	1
2999	3812	1
2999	3897	1
2999	3916	2
2999	4020	1
2999	4030	3
2999	4040	1
2999	4049	1
2999	4140	1
3011	3372	1
3011	3423	3
3011	3531	1
3011	3578	1
3011	3686	1
3011	4030	1
3012	3062	2
3012	3318	2
3012	3367	1
3012	3372	3
3012	3390	1
3012	3528	2
3012	3678	1
3012	3704	3
3012	3892	2
3022	3062	1
3022	3365	1
3022	3377	1
3022	3528	1
3022	3531	1
3022	3678	1
3022	3686	1
3022	3701	1
3022	3704	3
3022	3851	1
3022	4043	1
3046	3343	1
3046	3372	1
3046	3446	1
3046	3528	2
3046	3686	1
3046	3704	3
3046	3812	1
3062	3318	1
3062	3365	1
3062	3367	1
3062	3372	1
3062	3531	1
3062	3678	2
3062	3704	2
3062	3851	1
3062	3892	1
3090	3309	1
3090	3372	1
3090	3390	1
3090	3446	1
3090	3678	1
3090	3686	1
3090	3690	1
3090	3701	1
3090	3704	1
3090	3910	1
3090	3992	1
3090	4049	1
3090	4140	1
3121	3367	1
3121	3372	1
3121	3423	1
3121	3462	1
3121	3472	1
3121	3678	1
3121	3686	4
3121	3704	2
3121	3812	1
3121	3851	1
3183	3415	1
3183	3531	3
3183	3559	1
3183	3649	1
3183	3678	2
3183	3686	2
3183	3816	1
3183	3992	1
3183	4049	4
3183	4130	1
3188	3264	1
3188	3372	1
3188	3531	2
3188	3578	3
3188	3678	3
3188	3686	2
3188	3704	2
3188	3851	1
3188	3992	1
3188	4049	3
3214	3312	1
3214	3365	1
3214	3372	1
3238	3372	1
3238	3578	2
3238	3678	1
3238	3704	1
3238	3992	1
3264	3372	1
3264	3531	3
3264	3578	1
3264	3686	5
3264	3704	1
3264	3992	1
3264	4049	1
3304	3390	1
3304	3528	1
3304	3531	2
3304	3649	1
3304	3678	2
3304	3686	1
3304	3816	1
3304	3851	1
3304	3897	1
3304	3992	1
3304	4049	1
3304	4123	1
3309	3472	2
3309	3578	2
3309	3678	1
3309	3686	3
3309	4123	1
3311	3365	1
3311	3367	1
3311	3528	1
3311	3678	1
3311	3684	1
3311	3701	4
3311	3704	1
3311	4049	1
3312	3372	1
3312	3472	1
3312	3686	1
3312	3701	2
3312	3704	1
3312	3790	1
3312	4049	1
3318	3372	2
3318	3528	1
3318	3686	2
3318	3701	1
3318	3704	4
3318	3892	1
3318	4049	1
3325	3372	1
3325	3701	1
3325	3704	1
3325	3790	1
3325	3794	2
3325	3851	1
3325	4001	1
3325	4049	2
3325	4123	1
3343	3372	1
3343	3528	1
3343	3578	1
3343	3649	2
3343	3686	3
3343	3812	1
3343	3910	1
3343	4049	1
3343	4130	1
3365	3499	1
3365	3528	1
3365	3578	1
3365	3686	1
3365	3701	2
3365	3851	1
3367	3462	1
3367	3528	1
3367	3578	1
3367	3701	3
3367	3704	1
3367	3892	1
3367	4043	1
3372	3390	8
3372	3394	1
3372	3414	1
3372	3418	2
3372	3423	2
3372	3446	3
3372	3462	1
3372	3472	1
3372	3499	1
3372	3528	4
3372	3531	5
3372	3578	10
3372	3591	2
3372	3632	3
3372	3649	1
3372	3686	7
3372	3701	4
3372	3704	16
3372	3762	1
3372	3790	1
3372	3794	1
3372	3812	3
3372	3822	1
3372	3840	1
3372	3851	1
3372	3892	1
3372	3897	1
3372	3910	3
3372	3965	1
3372	3966	1
3372	3992	4
3372	4001	1
3372	4030	6
3372	4049	7
3372	4071	1
3372	4140	2
3377	3390	1
3377	3578	1
3377	3591	1
3377	3686	1
3377	3704	1
3377	4001	1
3377	4049	1
3387	3390	1
3387	3394	1
3387	3462	1
3387	3472	1
3387	3530	2
3387	3632	1
3387	3678	1
3387	3686	3
3387	3794	1
3387	3851	2
3387	3992	2
3390	3394	3
3390	3462	2
3390	3472	3
3390	3528	1
3390	3530	1
3390	3531	7
3390	3578	2
3390	3591	2
3390	3632	2
3390	3678	2
3390	3686	6
3390	3701	3
3390	3704	9
3390	3790	1
3390	3794	2
3390	3812	1
3390	3835	1
3390	3851	1
3390	3910	2
3390	3966	1
3390	3992	7
3390	4001	2
3390	4040	1
3390	4043	2
3390	4049	3
3390	4140	1
3394	3462	1
3394	3578	1
3394	3686	1
3394	3704	3
3394	3992	1
3394	4043	1
3412	3578	2
3412	3591	1
3412	3629	2
3412	3673	1
3412	3690	1
3412	3692	3
3412	3762	1
3412	3916	2
3412	3992	1
3412	4030	1
3412	4040	1
3414	3528	1
3414	3531	1
3414	3686	1
3414	3704	1
3414	3790	1
3414	4043	1
3414	4049	1
3415	3499	1
3415	3531	1
3415	3649	1
3415	3673	1
3415	3701	1
3415	3704	2
3415	3790	1
3415	3816	1
3415	3835	2
3415	3897	1
3415	4049	3
3415	4140	1
3418	3673	3
3418	3690	1
3418	3840	3
3418	3916	1
3418	4030	6
3418	4140	1
3423	3531	1
3423	3578	6
3423	3686	1
3423	3816	1
3423	3840	1
3423	4030	2
3446	3528	1
3446	3678	1
3446	3812	1
3446	3916	1
3446	4140	1
3462	3472	4
3462	3528	2
3462	3531	3
3462	3578	1
3462	3632	1
3462	3686	3
3462	3701	2
3462	3992	2
3462	4043	3
3462	4049	1
3472	3528	1
3472	3530	1
3472	3578	2
3472	3632	1
3472	3686	4
3472	3701	1
3472	3704	2
3472	3992	2
3472	4049	2
3472	4123	1
3499	3531	1
3499	3578	2
3499	3686	1
3499	3794	1
3499	3910	1
3499	4030	1
3499	4040	1
3499	4049	1
3499	4071	2
3499	4140	1
3528	3574	1
3528	3578	3
3528	3649	1
3528	3678	3
3528	3686	8
3528	3701	3
3528	3704	4
3528	3762	1
3528	3790	1
3528	3794	1
3528	3851	1
3528	3966	1
3528	3992	10
3528	4043	2
3528	4049	6
3528	4130	1
3530	3578	1
3530	3686	1
3530	3704	1
3530	3992	1
3530	4049	1
3531	3559	1
3531	3574	1
3531	3578	7
3531	3591	2
3531	3632	1
3531	3678	4
3531	3686	21
3531	3690	1
3531	3701	2
3531	3704	5
3531	3762	1
3531	3794	1
3531	3812	3
3531	3822	1
3531	3835	1
3531	3851	1
3531	3910	3
3531	3916	2
3531	3965	1
3531	3966	1
3531	3992	2
3531	4030	1
3531	4043	4
3531	4049	13
3531	4123	1
3531	4130	2
3531	4140	1
3559	3686	1
3559	3704	2
3559	4049	1
3559	4123	2
3574	3578	2
3574	3649	1
3574	3678	1
3574	3686	4
3574	3822	1
3574	3851	3
3574	3965	2
3574	3966	1
3574	3992	3
3574	4043	1
3574	4049	4
3574	4071	1
3574	4130	1
3578	3629	3
3578	3632	2
3578	3673	1
3578	3678	7
3578	3686	7
3578	3701	6
3578	3704	3
3578	3816	1
3578	3822	1
3578	3835	1
3578	3840	1
3578	3851	2
3578	3892	1
3578	3916	1
3578	3966	1
3578	3992	11
3578	4020	1
3578	4030	3
3578	4040	1
3578	4043	2
3578	4049	8
3578	4071	1
3578	4123	3
3578	4130	1
3578	4140	2
3591	3686	3
3591	3916	1
3591	3992	1
3591	4001	1
3591	4030	1
3591	4049	1
3591	4071	1
3629	3692	1
3629	3992	1
3629	4030	1
3629	4049	2
3632	3686	1
3632	3812	1
3632	3822	1
3632	3851	1
3632	3897	2
3632	3910	1
3632	3992	2
3632	4049	2
3649	3686	1
3649	3816	2
3649	3851	2
3649	3897	1
3649	3992	1
3649	4049	3
3649	4123	1
3649	4130	2
3673	3840	2
3673	4030	2
3673	4040	1
3673	4140	1
3678	3686	3
3678	3701	1
3678	3704	2
3678	3790	1
3678	3794	2
3678	3835	1
3678	3851	3
3678	3910	1
3678	3966	1
3678	3992	5
3678	4020	1
3678	4049	10
3678	4071	1
3678	4123	2
3678	4140	1
3684	3794	1
3684	4049	1
3686	3704	4
3686	3762	2
3686	3790	4
3686	3794	5
3686	3812	3
3686	3816	3
3686	3835	1
3686	3851	4
3686	3883	1
3686	3892	1
3686	3910	4
3686	3965	2
3686	3966	2
3686	3992	19
3686	4001	2
3686	4020	1
3686	4030	1
3686	4040	1
3686	4043	4
3686	4049	26
3686	4071	3
3686	4123	1
3686	4130	2
3686	4140	2
3690	3692	1
3690	3762	1
3690	3916	2
3690	3992	1
3690	4030	1
3690	4040	1
3692	3762	1
3692	3916	3
3692	4030	1
3701	3704	1
3701	3790	4
3701	3812	1
3701	3851	2
3701	3892	3
3701	3966	2
3701	3992	5
3701	4001	1
3701	4043	5
3701	4049	4
3701	4073	2
3704	3790	2
3704	3794	3
3704	3812	3
3704	3822	1
3704	3835	3
3704	3851	6
3704	3892	1
3704	3897	1
3704	3910	3
3704	3965	1
3704	3966	1
3704	3992	1
3704	4001	2
3704	4043	1
3704	4049	5
3704	4123	1
3704	4140	4
3762	3916	1
3762	3992	1
3762	4049	1
3762	4130	1
3762	4140	1
3790	3794	2
3790	3812	1
3790	3822	1
3790	3966	2
3790	3992	1
3790	4030	1
3790	4043	2
3790	4049	6
3790	4071	1
3794	3992	3
3794	4043	2
3794	4049	3
3794	4071	4
3794	4123	1
3794	4140	1
3812	3851	1
3812	3897	1
3812	3910	2
3812	3966	1
3812	3992	3
3812	4030	1
3812	4049	2
3816	3851	1
3816	3897	1
3816	3992	2
3816	4049	2
3816	4073	1
3816	4123	2
3822	3851	1
3822	3965	1
3822	4049	2
3835	3851	1
3835	3897	1
3835	3992	1
3840	3883	1
3840	4020	1
3840	4030	1
3851	3892	1
3851	3897	1
3851	3965	2
3851	3992	1
3851	4049	12
3851	4123	1
3851	4140	1
3892	3992	1
3897	3910	1
3897	4049	1
3897	4123	1
3910	3965	1
3910	3992	1
3910	4040	1
3910	4049	2
3916	3992	1
3916	4030	3
3916	4049	1
3965	4049	3
3966	4049	1
3992	4020	1
3992	4030	1
3992	4043	1
3992	4071	2
3992	4073	1
3992	4123	1
3992	4130	2
3992	4140	2
4001	4049	1
4001	4123	1
4030	4140	1
4043	4049	6
4043	4073	1
4049	4071	1
4049	4123	3
4049	4130	1
4049	4140	1
4073	4123	1
4130	4140	1
