id	label	x	y	cluster	weight<Links>	weight<Total link strength>	weight<Occurrences>	score<Avg. pub. year>	score<Avg. citations>	score<Avg. norm. citations>
22	abundance	0.9022	-0.1401	1	10	11	5	2014.4	5.4	2.0286
76	age	-0.0554	-0.7379	5	22	28	5	2006.4	34	1.599
83	air-temperature	0.9692	0.7089	1	12	17	5	2015.4	30.6	1.9515
94	algae	0.9127	-0.0332	1	26	35	7	2018.2857	4.4286	0.6503
97	algeria	-0.5304	0.7489	4	29	39	8	2012.25	17.625	1.4552
143	anatolia	-0.5974	0.6357	4	44	69	9	2017.2222	11.5556	1.118
155	anomalies	-0.2833	-0.8017	4	30	48	7	2014.8571	10.1429	1.1276
198	aquifer	0.0848	0.0289	1	60	103	19	2018.2632	7.4737	0.9904
201	aquifers	-0.5507	0.101	3	61	86	13	2017.2308	18.2308	1.8521
203	arc	-0.8855	-0.6513	3	24	32	5	2013	18.8	1.206
217	area	-0.4725	0.3532	6	128	406	54	2016.6852	12.1296	1.337
219	areas	0.2363	-0.1362	1	44	60	12	2014.0833	14.6667	1.3567
224	arsenic	-0.5418	-0.689	3	41	49	7	2018.4286	16	1.7217
289	bacteria	0.8429	-0.3144	1	47	67	13	2017.5385	11.2308	1.3723
293	bacterial diversity	1.0428	-0.3025	1	21	29	8	2017.75	5.375	0.6104
312	bakreswar	0.425	0.3441	6	34	47	7	2015.8571	13.8571	0.9799
319	balneotherapy	0.7836	-0.5727	1	28	33	13	2018	6.3077	0.7961
335	basin	-0.2644	-0.0274	3	103	205	29	2016.9655	13	1.2963
342	bay	0.4485	0.0699	1	21	21	5	2015	12	0.7884
347	behavior	-0.2195	-0.1132	3	58	76	11	2015.0909	13.1818	1.1689
374	biodiversity	0.9839	-0.0178	1	60	99	22	2016.5455	13.5455	1.477
377	biofilms	0.9566	-0.2661	1	25	29	6	2017	11.3333	1.1487
415	boron	-0.3694	-0.2439	3	46	65	10	2011.1	16	1.3625
433	brines	-0.5823	-0.8902	3	32	40	6	2018.3333	12	1.1409
449	budapest	0.8628	-0.5303	1	21	25	5	2014	6	0.4944
466	calcite	0.2621	-0.555	8	21	24	5	2005.4	58.2	2.398
470	caldera	-0.1889	-0.4751	3	23	29	5	2014.8	6.8	0.5455
472	california	0.2971	0.6732	2	37	41	6	2010.8333	36	1.7765
479	canada	0.0424	0.0812	3	21	25	6	2009.3333	25	1.1669
489	carbon	-0.7666	0.2362	6	67	117	18	2014.1667	15.0556	1.3175
529	cave	0.8423	-0.4646	1	19	23	6	2017	4	0.5314
548	central anatolia	-1.0532	0.6866	6	26	32	5	2015.6	17.4	1.4077
579	chemical characteristics	0.9945	-0.4042	1	29	45	10	2016.2	38.3	1.9108
580	chemical composition	-0.1793	-0.1937	7	41	54	11	2011.7273	10	0.782
585	chemical geothermometry	-0.8482	0.6803	6	52	81	12	2015.0833	11.75	1.0251
587	chemical-composition	-0.521	0.48	6	55	100	16	2011.25	38.375	1.858
589	chemistry	-0.1483	-0.049	9	142	311	45	2013.5778	19.1111	1.3755
601	china	-0.4713	0.1123	4	63	100	13	2016.8462	11.4615	2.0045
623	circulation	0.2836	0.971	2	54	82	12	2017.4167	10.3333	1.2276
628	classification	0.7714	0.1396	1	34	38	9	2015.3333	27.6667	1.8687
635	climate	0.8966	0.401	1	23	26	6	2015.6667	14.1667	0.9312
636	climate change	0.792	0.461	1	40	58	9	2016.6667	19.8889	1.903
637	climate-change	0.9214	0.5327	1	57	112	22	2017.8182	16.3636	1.8216
644	co2	-0.6358	-0.3035	7	60	91	14	2014.9286	10.2857	1.0285
685	communities	0.991	-0.2209	1	45	64	13	2019.2308	8	0.9378
687	community	1.0622	-0.2119	1	22	26	5	2015	10.4	1.4369
714	conservation	1.029	0.0636	1	28	33	8	2015.75	16.125	2.5467
716	constraints	-0.906	-0.325	3	43	58	8	2018.125	5.625	0.737
721	contamination	0.0396	-0.4638	3	52	76	10	2018.1	9.1	1.1034
788	cyanobacteria	0.922	0.1457	1	24	39	9	2016	15	1.1417
817	deccan traps	-0.3861	-0.4823	3	35	43	6	2014.3333	19.5	1.5136
836	deformation	-0.4964	0.5619	2	27	33	5	2019.4	4.8	0.4583
863	deposits	0.0538	-0.3471	8	30	36	8	2009	26.375	1.2763
900	discharge	0.0868	0.6684	2	57	96	16	2015.1875	14.625	1.1323
901	discharges	-0.6087	0.3435	6	69	129	18	2010.7222	32.8889	1.7885
926	diversity	1.0484	-0.1301	1	62	128	26	2017.5	11.0769	1.3638
944	drinking-water	0.4318	-0.562	5	48	67	12	2014.8333	9.25	1.2168
952	drummond basin	0.5806	-0.2804	8	15	22	6	2006.1667	35.5	2.2032
960	dynamics	0.7666	0.7248	1	30	43	11	2013.8182	19	1.634
964	earthquake	-0.5227	-0.2283	4	61	114	16	2017.25	7.1875	1.5767
966	earthquake prediction	-1.1678	-0.197	4	15	21	5	2010.4	4.6	0.2568
991	ecology	0.8649	0.2402	1	25	28	5	2016.6	5.6	0.4251
1026	elements	-0.7803	-0.4971	10	53	81	11	2016.8182	4.8182	0.7027
1039	energy	-1.1132	0.1889	7	25	31	5	2015.8	30.8	1.955
1055	environment	0.7699	-0.163	1	21	22	5	2008.8	19.4	1.4038
1065	environmental isotopes	-0.4141	0.7938	6	44	79	10	2016	9.5	0.9071
1089	equilibria	-0.7179	0.4061	6	140	495	70	2013	16.7143	1.263
1120	evolution	-0.3446	0.1039	3	161	501	77	2015.1299	14.1818	1.1284
1137	exposure	0.6914	-0.2695	1	25	27	6	2015	11	0.9511
1163	fault zone	-0.8719	-0.2097	4	27	33	5	2020	11.8	3.2082
1165	fault zones	-0.1732	1.0597	2	26	40	5	2011	15.8	0.9459
1166	faults	-0.498	0.6644	2	25	26	5	2014	5	0.7989
1175	field	-0.4858	-0.0433	3	109	253	33	2018.3636	13.0303	1.3694
1203	flow	0.1626	0.3619	2	76	116	23	2015.8696	10.3913	0.9343
1216	fluid	-0.6802	-0.6989	3	25	31	5	2017.4	6.6	0.5216
1220	fluid geochemistry	-0.8093	0.4855	9	56	96	14	2014.5	15.0714	1.1463
1226	fluid-flow	-0.299	0.9752	2	44	81	11	2014.1818	14.7273	1.8686
1229	fluids	-0.6128	-0.1632	8	75	107	19	2013.6316	11.2632	1.1805
1230	fluoride	-0.1799	0.1331	6	24	26	5	2012.4	37	2.9156
1239	fluxes	-0.4155	0.0398	7	30	39	7	2015.8571	19.1429	1.2724
1257	fractionation	-0.0031	-0.6383	7	44	55	10	2012.2	17.1	0.9876
1267	free-living amebas	0.6442	-0.1595	1	12	19	7	2012.7143	22.7143	1.5285
1275	fresh-water	0.7385	-0.3384	1	21	21	5	2014.6	15.8	1.1567
1287	fumaroles	-1.0164	0.0376	9	32	44	6	2005.8333	30	1.7269
1305	gas	-0.2974	-0.4064	3	28	35	5	2008	49.6	2.0325
1309	gas geochemistry	-1.2128	-0.1601	4	30	47	8	2015	4.875	0.8351
1314	gases	-0.5446	-0.0032	9	66	124	19	2008.8421	26.4737	1.5659
1320	gen. nov.	0.997	-0.5056	1	21	25	5	2018.2	9.8	0.8535
1324	genesis	-0.8236	0.3097	4	38	47	8	2018.375	6.875	1.7261
1357	geochemistry	-0.4265	-0.1229	3	199	843	127	2014.1811	13.8346	1.2064
1374	geothermal	-0.6511	0.1197	4	57	99	18	2013.8333	14.1111	0.9175
1376	geothermal area	-0.8228	-0.4078	10	29	38	6	2015.5	6.3333	0.7782
1379	geothermal energy	-0.3391	0.382	7	26	33	9	2016.5556	6.7778	1.1066
1384	geothermal fluids	-0.6058	-0.5047	3	33	42	5	2019.6	11	1.3356
1395	geothermal resources	-0.3869	-0.9367	5	23	34	9	2010	6.1111	1.3
1397	geothermal springs	0.0503	0.2097	10	60	94	16	2017.3125	18	1.7067
1399	geothermal system	-0.3449	0.5796	2	59	101	15	2015.9333	9.7333	0.9059
1400	geothermal systems	-0.6389	0.5584	2	45	62	10	2012.5	15.9	0.8611
1402	geothermal water	-0.272	0.0552	3	33	38	9	2016.1111	8.5556	0.7909
1403	geothermal waters	-0.0633	-0.6092	5	74	108	19	2011.8947	13.7895	0.9378
1407	geothermal-energy	0.5227	0.1234	1	25	29	5	2017.2	12.2	1.2618
1409	geothermal-field	-0.8031	-0.1195	9	52	81	12	2016.1667	12.25	0.9014
1412	geothermometer	-0.9017	0.1356	2	76	132	23	2011.2174	16.3043	1.0464
1413	geothermometers	-0.7371	0.5591	4	69	127	21	2015.1429	11.4762	1.2096
1414	geothermometry	-0.7342	0.1435	6	133	451	64	2014.4688	13.5312	1.1459
1464	greece	-0.1508	-0.6175	5	40	57	10	2007.8	24.1	1.284
1478	groundwater	-0.0824	-0.2183	5	185	659	101	2016.396	12.1584	1.2058
1486	groundwater flow	-0.0869	0.8628	2	26	35	5	2010.8	15.4	0.9945
1497	groundwater quality	0.1656	0.4523	4	24	30	5	2020.4	3.2	0.5075
1501	groundwater recharge	0.3706	0.8532	6	20	24	5	2019.4	11.4	1.6532
1510	groundwater-flow	-0.1849	0.6076	2	68	100	14	2013.5	22.6429	2.2896
1517	groundwaters	-0.0266	-0.385	5	57	69	10	2014.1	10.8	0.8006
1519	growth	1.0122	0.3843	1	23	29	12	2008.5833	29.5	1.5448
1539	habitat	1.016	0.3321	1	24	31	7	2008.1429	32.7143	1.4555
1576	heat	0.2216	0.7172	2	40	56	10	2013.3	23.4	1.537
1593	heat-flow	-0.1294	0.2759	2	55	93	19	2013.7895	23.6316	1.2084
1606	helium	-0.6255	0.0159	9	68	106	16	2008.9375	20.3125	1.1379
1649	hot spring	-0.1086	-0.1441	4	105	190	36	2016.0556	15.4444	1.7525
1659	hot springs	0.1685	-0.0562	1	108	179	40	2014.625	12.525	0.9462
1665	hot-springs	0.3765	-0.0703	1	141	297	53	2016.1509	12.9434	1.1049
1694	hydrochemical characteristics	-0.6213	0.4398	3	39	57	8	2019.625	12.25	1.4206
1702	hydrochemistry	-0.457	-0.2233	5	146	396	56	2014.2321	14.0536	1.2708
1708	hydrogen	0.1941	-0.2406	9	37	42	7	2008.5714	26.4286	1.4515
1711	hydrogen sulfide	0.6774	-0.3961	1	25	25	7	2015.2857	9.7143	0.6693
1719	hydrogeochemistry	-0.8252	0.1831	4	152	549	80	2017.5375	8.7125	1.1823
1727	hydrogeology	-0.2212	0.5327	2	56	87	19	2012.0526	13.7368	1.2425
1734	hydrology	0.3909	0.5049	1	51	76	13	2011	18	1.2592
1742	hydrothermal	-0.2947	-0.267	3	34	40	6	2016.1667	16.6667	1.1035
1752	hydrothermal fluids	0.208	-0.4994	7	25	28	5	2008.8	28.4	1.6178
1760	hydrothermal system	-0.7054	-0.4656	7	71	132	22	2014.4091	15.3182	1.1976
1761	hydrothermal systems	-0.7032	0.3284	9	82	159	23	2013.1739	17.9565	1.2007
1787	iceland	-0.356	-0.3309	9	31	35	5	2010.4	22	1.4215
1792	identification	0.5581	0.0209	1	30	41	11	2014.8182	14.9091	1.2996
1818	india	0.174	0.2783	6	69	100	16	2014.1875	10.25	0.8639
1845	insights	0.0808	-0.1399	2	49	66	9	2019.4444	5.1111	0.5707
1878	iran	-0.0589	-0.0958	6	66	126	19	2014.8947	15.2105	1.3498
1888	island	-0.5107	-0.552	7	55	92	14	2014.4286	17.8571	1.0345
1891	isotope	-0.8064	-0.0403	4	82	165	27	2013.6296	13.5185	1.0226
1895	isotope geochemistry	-0.0606	0.7605	9	29	35	5	2013.8	29.8	2.0825
1901	isotopes	-0.6454	0.2094	4	106	247	36	2012.8611	14	1.3613
1904	isotopic composition	-0.5473	0.2207	7	70	118	20	2013.95	16.3	1.2822
1905	isotopic compositions	-1.0803	-0.2939	7	27	29	5	2016	26.2	1.6589
1909	italy	-0.0656	0.6299	2	38	42	8	2013.25	29.625	1.3124
1916	japan	-1.0332	0.2357	4	22	24	6	2013	5.6667	1.6194
1930	k-ca geothermometer	-0.8034	0.8917	6	20	23	5	2001.6	13.8	0.9522
1943	karst	0.3239	0.057	2	56	94	20	2012	12.95	0.9604
2005	lake	0.2179	-0.4235	3	29	32	6	2015.5	8.6667	1.1061
2008	lake baikal	0.8105	0.9694	1	12	15	5	2010.8	12.2	1.2322
2070	life	0.8808	-0.2355	1	18	24	6	2013.1667	26	2.0532
2079	limpopo province	0.9414	-0.438	1	27	47	9	2016.8889	10.4444	0.9724
2090	lithium	-0.3336	-0.5548	3	24	36	5	2015.8	13.4	1.0203
2202	mechanisms	0.2986	0.6067	1	23	23	5	2018.6	12.8	1.174
2223	metabolism	0.94	0.03	1	13	14	5	2008.6	18.8	1.3853
2234	meteoric water	-0.4486	0.2018	7	27	28	5	2011.6	13.6	1.006
2246	mexico	-0.785	0.0744	4	52	80	13	2012.6154	15.2308	1.096
2252	microbial communities	1.1203	-0.2749	1	19	26	5	2020.8	6	2.3766
2254	microbial diversity	0.9158	-0.3392	1	31	38	7	2018	13	1.49
2257	microbial mats	1.1743	-0.0773	1	18	29	5	2017.6	10.6	1.3984
2273	microorganisms	0.7209	-0.2168	1	22	27	8	2012.375	24	1.6838
2284	mineral equilibria	-0.9339	0.432	6	67	146	17	2017.6471	11.4706	1.4202
2292	mineral springs	0.1242	-0.644	5	26	27	5	2018	2	0.3316
2293	mineral water	-0.4765	-0.7706	7	41	48	6	2014.8333	19.8333	0.9567
2295	mineral waters	0.0289	-0.8611	5	39	57	11	2009.2727	12.4545	1.4156
2296	mineral-water	0.8187	-0.6838	1	13	18	5	2017.4	17.2	1.6012
2298	mineralization	-0.142	-0.889	5	31	40	6	2012.6667	25.1667	1.8552
2302	minerals	-0.3222	0.6619	6	16	17	5	2013.8	5	0.3445
2309	mixing	-0.2798	0.7957	6	76	140	16	2014.375	16.875	1.3063
2323	model	0.3086	0.4523	1	36	41	11	2013.8182	13.5455	1.3287
2326	models	-0.3892	0.6989	2	27	32	5	2016.6	11.4	1.2546
2350	mountainous terrain	-0.2272	0.9964	2	34	54	7	2015.1429	11.8571	1.0859
2351	mountains	-0.2756	-0.49	5	36	44	6	2014	5.8333	0.8157
2391	na-k	-0.8361	0.3787	7	37	52	6	2018	15.3333	1.6958
2409	national-park	0.134	-0.2596	3	32	37	6	2019	6.8333	0.7478
2411	natural hydrothermal systems	-0.0228	0.4225	6	28	38	5	2014.8	21.2	1.5993
2416	natural radioactivity	-0.0476	-1.0938	5	37	57	10	2016.9	10.3	1.8278
2424	natural-waters	-0.326	-0.1762	3	44	52	9	2012.5556	11.2222	0.9123
2444	new-zealand	0.3012	-0.2784	8	44	55	8	2007.5	30.5	1.6526
2466	noble-gases	-0.8751	-0.4832	7	25	26	5	2019.6	7.4	0.7378
2488	north-island	0.3968	-0.3804	8	12	20	5	2008	30.8	1.9359
2528	o-18	-0.1449	0.6723	6	29	33	6	2006.8333	15	1.2492
2536	ocean	0.0773	0.4538	9	14	16	5	2007.8	8.8	0.8654
2570	origin	-0.5485	-0.1121	9	139	364	54	2013.2222	14.3704	0.9454
2592	oxygen	-0.4044	-0.4073	5	55	71	10	2011.4	28.3	1.4899
2608	pakistan	-0.9607	0.3601	10	31	42	6	2011	21	1.3816
2636	patterns	0.9388	0.3155	1	42	59	14	2016.7857	11.5714	1.012
2658	permafrost	0.619	0.0713	1	25	31	6	2008.5	26.3333	1.5044
2660	permeability	-0.272	0.709	2	52	74	10	2017.5	9.1	1.8251
2671	ph	0.445	-0.1261	1	29	31	5	2014	7.8	0.9468
2701	phytoplankton	0.857	0.8241	1	18	25	7	2008	19.4286	1.845
2745	populations	1.0932	-0.0706	1	26	32	5	2018.2	17.2	1.6153
2765	precipitation	0.2504	-0.042	8	49	68	14	2010.7857	24	1.4704
2769	precursors	-0.9903	-0.5034	4	28	47	6	2012.5	7.3333	1.3365
2796	province	0.3468	0.2542	1	42	56	11	2020.6364	2.9091	0.5653
2817	quality	0.5197	-0.0464	8	28	38	7	2017.2857	12.5714	1.6634
2831	ra-226	0.2038	-1.0459	5	38	65	12	2014.75	7	0.6468
2844	radioactivity	0.2731	-1.023	5	38	73	14	2012.7857	14.1429	1.7496
2852	radionuclides	0.0575	-1.0237	5	30	43	7	2016.2857	7.2857	1.0212
2854	radium	0.1515	-0.8956	5	34	50	9	2010.3333	8	1.2602
2859	radon	-0.1812	-0.7699	5	70	126	22	2012.6818	7.8636	0.9051
2881	rare earth elements	0.213	-0.7235	7	31	39	6	2012.1667	19	0.9792
2898	recharge	-0.9426	-0.0783	5	30	38	6	2015.3333	6.6667	0.699
2925	region	-0.2317	-0.3403	5	82	152	23	2016.7826	10	0.9554
2947	reservoir	0.5082	0.7043	1	25	25	6	2010.5	16.5	1.0908
2951	reservoir temperature	-0.7187	-0.0001	4	59	97	13	2019.3077	5.4615	0.6767
2954	residence time	-0.0371	0.3002	8	32	41	6	2014.1667	12.1667	0.8867
2962	resources	-0.6691	0.7261	4	38	60	9	2018.7778	9.5556	1.103
2999	river	0.5518	0.3851	1	67	87	19	2018	10.4211	1.2939
3011	rivers	0.8694	0.0514	1	21	24	5	2017.6	8.8	0.7877
3012	rn-222	0.0303	-1.0792	5	37	63	8	2015.5	11.875	1.2312
3022	rocks	-0.1964	-0.2838	7	44	53	9	2012	18.8889	1.2066
3046	salinity	-0.4849	-0.4452	3	30	41	7	2017.1429	13.4286	1.1187
3062	samples	0.4494	-0.6856	5	32	37	8	2006.625	21.25	0.9687
3090	sea	0.5131	0.4983	1	35	37	8	2010.5	18.875	1.7307
3121	sediments	0.4799	-0.3451	1	40	48	9	2014.2222	16.5556	1.4187
3183	sichuan	-0.8456	-0.2785	4	32	48	5	2019	11	2.0035
3188	silica	-0.6546	0.8182	6	46	75	11	2011.3636	12.0909	1.0087
3214	skin	0.7822	-0.6314	1	7	7	5	2015.6	8.4	0.9742
3238	soil	0.4177	-0.0088	3	19	20	8	2014	18.625	0.9729
3264	solubility	-0.5537	1.0936	6	32	45	5	2008.8	19.2	1.1913
3304	southwestern china	-0.7565	-0.277	3	29	33	5	2016.2	12.2	1.0795
3309	sp-nov.	1.0406	-0.3654	1	23	32	7	2016.5714	16.8571	1.0943
3311	spa	0.5698	-0.5693	1	24	29	13	2013.1538	8.8462	0.6422
3312	spa therapy	0.7419	-0.6842	1	23	27	6	2016.1667	7.6667	0.6181
3318	spas	0.4238	-1.0325	5	26	36	10	2008	11.4	1.1131
3325	speciation	-0.269	-0.7256	4	32	43	6	2015.1667	12.8333	1.3369
3343	spring	-0.025	-0.0231	4	38	49	10	2015.3	16.8	1.9507
3365	spring water	0.4452	-0.6295	1	27	29	11	2017.0909	11.5455	1.0964
3367	spring waters	0.3184	-0.9012	5	30	37	6	2016	14.6667	1.5247
3372	springs	0.117	0.2114	1	186	466	80	2014.0125	15.1125	1.1533
3377	sr	-0.7304	-0.3533	10	23	28	5	2009.8	12.4	0.7069
3387	stable isotope	-0.4578	-0.3346	3	47	63	10	2010.8	29	2.0336
3390	stable isotopes	-0.3992	0.2893	2	113	235	30	2014.8333	13.5333	1.0742
3394	stable-isotopes	-0.4251	0.4168	6	43	56	8	2018.125	11.875	2.6676
3412	stratification	0.9349	0.7706	1	22	32	8	2013.625	13.625	1.655
3414	stratigraphy	0.079	-0.0471	8	29	30	5	2013.2	12.8	0.7467
3415	stream	0.3553	0.1788	8	34	44	8	2015.25	7.125	0.8302
3418	stream temperature	0.9383	0.6032	1	17	37	9	2017.1111	25	2.2457
3423	streams	0.9978	0.1787	1	33	48	10	2019.4	7.9	0.57
3446	submarine groundwater discharge	0.2909	0.3517	1	14	19	7	2018.7143	11.4286	1.1184
3462	sulfate	-0.3671	-0.73	5	53	92	13	2010.2308	25.5385	1.5977
3472	sulfur	0.432	-0.4524	1	61	91	17	2013.3529	17.2941	1.1775
3499	surface	0.3972	0.5845	6	33	41	6	2013.1667	18.8333	1.635
3528	system	0.0415	-0.2498	7	120	229	38	2015.9737	13.3684	1.4962
3530	systematics	-0.43	-0.6231	3	34	36	5	2016.6	11.6	1.0377
3531	systems	-0.2711	0.3692	6	141	345	47	2014.234	10.6809	0.9332
3559	taupo volcanic zone	0.274	-0.3824	8	20	28	7	2015.8571	21.1429	2.2814
3574	tectonics	-1.0589	0.3539	2	52	79	11	2016.3636	7.4545	1.3798
3578	temperature	0.4618	0.2105	1	157	376	68	2016.4559	11.7353	1.0277
3591	temperatures	-0.0907	0.3808	10	45	52	7	2012.8571	11.8571	0.6489
3629	thermal bar	0.867	0.9943	1	12	21	12	2011.6667	13.3333	0.9813
3632	thermal conditions	-0.006	0.6052	2	52	75	11	2013	18.4545	1.1519
3649	thermal groundwater	-0.6768	-0.132	4	38	66	10	2013.8	10.1	1.7069
3673	thermal regime	0.8779	0.5907	1	14	19	7	2010.5714	20	1.6706
3678	thermal spring	0.0181	-0.1711	1	132	272	50	2015.42	9.9	1.1772
3684	thermal spring water	0.6383	-0.3515	1	19	19	7	2016.7143	11.5714	1.2343
3686	thermal springs	-0.0964	0.0422	2	219	792	159	2012.2013	13.4403	1.0918
3690	thermal stratification	0.8873	0.7399	1	19	21	5	2015.2	14.8	2.0285
3692	thermal structure	0.9144	0.8223	1	14	25	5	2018.6	21.2	2.9508
3701	thermal water	0.0902	-0.5772	5	122	256	58	2015.8103	9.9483	0.8454
3704	thermal waters	-0.3232	-0.0653	5	170	529	91	2014.6154	10.3077	0.9711
3762	tibetan plateau	0.3769	0.6975	1	36	45	6	2021.5	7.3333	2.1926
3790	trace elements	-0.0005	-0.53	7	65	101	14	2014.2143	12.0714	1.1782
3794	trace-elements	-0.0893	-0.4774	7	64	116	19	2018.3684	9.5263	1.14
3812	transport	-0.2635	0.221	2	53	75	13	2017.1538	14.2308	1.2368
3816	travertine	-0.1101	-0.2983	8	35	45	9	2009.8889	57.1111	2.1163
3822	travertines	-0.0751	0.158	2	26	30	5	2016.8	6.2	0.2864
3835	tritium	0.0974	0.5621	8	28	38	8	2012.75	8.375	0.594
3840	trout	0.9501	0.3831	1	22	27	7	2012	36.4286	2.0323
3851	turkey	-0.6689	-0.0627	4	104	220	32	2013.4062	13.125	0.823
3883	united-states	0.8235	-0.0917	1	13	14	5	2010.4	13.2	1.0113
3892	uranium	0.139	-1.0853	5	28	40	8	2009	10.25	0.7898
3897	usa	0.087	0.3549	2	33	34	6	2017.5	9	0.9593
3910	valley	-0.0786	0.5194	2	57	83	11	2013.3636	20.3636	2.1006
3916	variability	0.7873	0.63	1	28	39	10	2017.2	16.8	2.1593
3965	volcanism	-0.9268	0.6463	9	31	45	6	2015.1667	15.5	1.2994
3966	volcano	-1.0673	-0.4248	7	42	61	9	2014	20.4444	1.2324
3992	water	0.1495	0.1347	2	179	417	85	2013.4353	15.7059	1.2037
4001	water chemistry	-0.5561	-0.3554	10	25	28	8	2016.875	4.625	0.7564
4020	water quality	0.7678	0.3811	1	13	13	5	2015.6	25	1.3325
4030	water temperature	0.7623	0.5656	1	57	105	22	2016	18.2727	1.6144
4040	water-quality	0.6813	0.3962	1	40	45	9	2018.2222	9.3333	1.1748
4043	water-rock interaction	-0.5869	-0.5868	3	78	156	20	2018.25	11.85	1.505
4049	waters	-0.252	0.1428	4	187	611	107	2013.757	13.1963	1.1146
4071	west-bengal	0.2744	0.1624	6	45	67	8	2016.875	11.125	0.6559
4073	western anatolia	-0.7658	-0.6684	9	19	22	5	2012.6	27.2	1.5899
4123	yellowstone-national-park	0.3174	-0.4443	8	68	93	17	2015.4706	33.7647	2.9424
4130	yunnan	-0.9293	0.2787	4	32	41	5	2020.8	4.8	2.8677
4140	zone	-0.3177	0.2932	4	52	69	11	2015.4545	11.6364	1.005
